Distance in bp(Fragment Length Estimate: 54)(Peak Width Estimate: 54)	Same Strand (+ for Watson strand, - for Crick)	Opposite Strand
-2000	8195.0	5784.0
-1999	8255.0	5679.0
-1998	8217.0	5688.0
-1997	8215.0	5481.0
-1996	8638.0	5712.0
-1995	8827.0	5742.0
-1994	8867.0	5977.0
-1993	8649.0	5956.0
-1992	8448.0	5926.0
-1991	8483.0	6075.0
-1990	8359.0	6045.0
-1989	8674.0	6171.0
-1988	8250.0	6229.0
-1987	8254.0	6106.0
-1986	8621.0	5843.0
-1985	8682.0	5851.0
-1984	8692.0	5910.0
-1983	8709.0	5854.0
-1982	8643.0	5947.0
-1981	8452.0	6001.0
-1980	8545.0	6184.0
-1979	8393.0	6219.0
-1978	8349.0	6343.0
-1977	8033.0	6136.0
-1976	8157.0	6428.0
-1975	8436.0	6638.0
-1974	8548.0	6730.0
-1973	8528.0	6409.0
-1972	8540.0	6089.0
-1971	8648.0	6104.0
-1970	8762.0	5878.0
-1969	8660.0	6098.0
-1968	8803.0	5888.0
-1967	8825.0	6256.0
-1966	8781.0	6486.0
-1965	8949.0	6422.0
-1964	8550.0	6315.0
-1963	8605.0	6404.0
-1962	8173.0	6395.0
-1961	8042.0	6208.0
-1960	7910.0	6047.0
-1959	7920.0	5958.0
-1958	7860.0	5741.0
-1957	7721.0	5593.0
-1956	7806.0	5600.0
-1955	7840.0	5489.0
-1954	7605.0	5398.0
-1953	7874.0	5007.0
-1952	8001.0	5293.0
-1951	8115.0	5164.0
-1950	7984.0	5419.0
-1949	8018.0	5605.0
-1948	8279.0	5493.0
-1947	8459.0	5427.0
-1946	8267.0	5494.0
-1945	8435.0	5447.0
-1944	8635.0	5454.0
-1943	8582.0	5295.0
-1942	8597.0	5488.0
-1941	8529.0	5456.0
-1940	8403.0	5372.0
-1939	8494.0	5200.0
-1938	8639.0	5361.0
-1937	8495.0	5254.0
-1936	8140.0	5474.0
-1935	8195.0	5085.0
-1934	8327.0	5289.0
-1933	8180.0	5268.0
-1932	8450.0	5096.0
-1931	8474.0	5310.0
-1930	8796.0	5337.0
-1929	8889.0	5409.0
-1928	8792.0	5287.0
-1927	8839.0	5264.0
-1926	8712.0	5257.0
-1925	8623.0	5382.0
-1924	8608.0	5470.0
-1923	8529.0	5499.0
-1922	8634.0	5479.0
-1921	8211.0	5680.0
-1920	7948.0	5769.0
-1919	7480.0	5747.0
-1918	7655.0	5843.0
-1917	7729.0	5921.0
-1916	7583.0	6012.0
-1915	7418.0	6143.0
-1914	7216.0	6050.0
-1913	7371.0	6150.0
-1912	7247.0	6152.0
-1911	7438.0	6238.0
-1910	7564.0	6174.0
-1909	7505.0	6020.0
-1908	7326.0	6027.0
-1907	7329.0	5900.0
-1906	7522.0	5786.0
-1905	7800.0	5827.0
-1904	7760.0	5894.0
-1903	7747.0	5696.0
-1902	7683.0	5587.0
-1901	7611.0	5587.0
-1900	7669.0	5888.0
-1899	7605.0	5665.0
-1898	7722.0	5908.0
-1897	7875.0	5795.0
-1896	7827.0	5939.0
-1895	7710.0	5569.0
-1894	7770.0	5715.0
-1893	7712.0	5637.0
-1892	7898.0	5704.0
-1891	8480.0	5791.0
-1890	8438.0	5582.0
-1889	8351.0	5161.0
-1888	8414.0	5320.0
-1887	8401.0	5526.0
-1886	8199.0	5678.0
-1885	8211.0	5605.0
-1884	8175.0	5416.0
-1883	8232.0	5495.0
-1882	8111.0	5618.0
-1881	8309.0	5962.0
-1880	8420.0	5973.0
-1879	8281.0	5939.0
-1878	8307.0	5785.0
-1877	8536.0	5844.0
-1876	8736.0	6115.0
-1875	8547.0	6025.0
-1874	8588.0	6334.0
-1873	8457.0	6016.0
-1872	8376.0	5945.0
-1871	8610.0	5838.0
-1870	8489.0	6075.0
-1869	8469.0	5843.0
-1868	8469.0	5932.0
-1867	8739.0	5939.0
-1866	8704.0	5954.0
-1865	8749.0	5868.0
-1864	8898.0	5899.0
-1863	8637.0	5769.0
-1862	8463.0	5780.0
-1861	8537.0	5828.0
-1860	8478.0	5643.0
-1859	8480.0	5727.0
-1858	8581.0	5804.0
-1857	8535.0	5714.0
-1856	8730.0	5677.0
-1855	8833.0	5838.0
-1854	8704.0	5731.0
-1853	8774.0	5724.0
-1852	8857.0	5579.0
-1851	9041.0	5935.0
-1850	8723.0	6093.0
-1849	8630.0	5842.0
-1848	8513.0	5999.0
-1847	8657.0	5880.0
-1846	8810.0	6154.0
-1845	9002.0	6022.0
-1844	9155.0	5824.0
-1843	9057.0	6052.0
-1842	9107.0	5787.0
-1841	9070.0	5859.0
-1840	9211.0	5739.0
-1839	9282.0	5741.0
-1838	9294.0	5538.0
-1837	9011.0	5308.0
-1836	8874.0	5376.0
-1835	9009.0	5461.0
-1834	9032.0	5534.0
-1833	9003.0	5571.0
-1832	9055.0	5451.0
-1831	9221.0	5182.0
-1830	9121.0	5136.0
-1829	9494.0	5330.0
-1828	9224.0	5428.0
-1827	9043.0	5337.0
-1826	8939.0	5495.0
-1825	9007.0	5611.0
-1824	8757.0	5694.0
-1823	8526.0	5733.0
-1822	8436.0	5850.0
-1821	8593.0	5900.0
-1820	8332.0	5925.0
-1819	8168.0	5936.0
-1818	8028.0	5609.0
-1817	7729.0	5471.0
-1816	8116.0	5483.0
-1815	8031.0	5602.0
-1814	7952.0	5506.0
-1813	7994.0	5511.0
-1812	7968.0	5731.0
-1811	8099.0	5558.0
-1810	8229.0	5601.0
-1809	8159.0	5820.0
-1808	8470.0	5722.0
-1807	8484.0	5595.0
-1806	8562.0	5682.0
-1805	8747.0	5656.0
-1804	9017.0	5661.0
-1803	9294.0	5670.0
-1802	9224.0	5713.0
-1801	9144.0	5828.0
-1800	9393.0	5631.0
-1799	9039.0	5678.0
-1798	8927.0	5562.0
-1797	8806.0	5647.0
-1796	9236.0	5822.0
-1795	9371.0	5967.0
-1794	9486.0	5970.0
-1793	9649.0	5714.0
-1792	9544.0	5506.0
-1791	9639.0	5673.0
-1790	9499.0	5528.0
-1789	9368.0	5774.0
-1788	9383.0	5938.0
-1787	9260.0	5971.0
-1786	9341.0	6109.0
-1785	9149.0	6171.0
-1784	9361.0	6376.0
-1783	9232.0	6174.0
-1782	9274.0	6432.0
-1781	9174.0	6623.0
-1780	9246.0	6699.0
-1779	9370.0	6498.0
-1778	9385.0	6397.0
-1777	9516.0	6390.0
-1776	9568.0	6439.0
-1775	9308.0	6522.0
-1774	9153.0	6641.0
-1773	9018.0	6317.0
-1772	8782.0	6195.0
-1771	8557.0	6144.0
-1770	8488.0	6160.0
-1769	8453.0	6039.0
-1768	8885.0	6253.0
-1767	8819.0	6173.0
-1766	9049.0	6395.0
-1765	8908.0	6245.0
-1764	8890.0	6483.0
-1763	8860.0	6377.0
-1762	8808.0	6478.0
-1761	8691.0	6579.0
-1760	8547.0	6846.0
-1759	8614.0	6920.0
-1758	8621.0	6852.0
-1757	8778.0	6746.0
-1756	8855.0	6526.0
-1755	8947.0	6797.0
-1754	9262.0	6741.0
-1753	9234.0	6747.0
-1752	9439.0	6382.0
-1751	9141.0	6343.0
-1750	9134.0	6509.0
-1749	8920.0	6439.0
-1748	9062.0	6313.0
-1747	9029.0	6183.0
-1746	9222.0	6086.0
-1745	9362.0	6110.0
-1744	9172.0	6193.0
-1743	8979.0	5888.0
-1742	8620.0	5711.0
-1741	8479.0	5636.0
-1740	8680.0	5550.0
-1739	8592.0	5679.0
-1738	8594.0	5715.0
-1737	8766.0	5662.0
-1736	9105.0	5778.0
-1735	9099.0	5656.0
-1734	9270.0	5917.0
-1733	9325.0	5881.0
-1732	9356.0	6214.0
-1731	9340.0	6166.0
-1730	9314.0	6258.0
-1729	9387.0	6298.0
-1728	9872.0	6388.0
-1727	10149.0	6703.0
-1726	10125.0	6909.0
-1725	10217.0	7030.0
-1724	9915.0	6794.0
-1723	9369.0	6935.0
-1722	9375.0	6846.0
-1721	9608.0	6814.0
-1720	9658.0	6692.0
-1719	9524.0	6863.0
-1718	9297.0	6795.0
-1717	9244.0	6653.0
-1716	9364.0	6396.0
-1715	9275.0	6316.0
-1714	9282.0	6279.0
-1713	8998.0	6278.0
-1712	9042.0	6257.0
-1711	8954.0	6022.0
-1710	8910.0	6087.0
-1709	8778.0	6191.0
-1708	8808.0	6102.0
-1707	8638.0	6019.0
-1706	8502.0	6045.0
-1705	8246.0	6263.0
-1704	8487.0	6290.0
-1703	8457.0	6365.0
-1702	8524.0	6139.0
-1701	8503.0	6369.0
-1700	8627.0	6454.0
-1699	8636.0	6661.0
-1698	8632.0	6580.0
-1697	8728.0	6754.0
-1696	8674.0	6689.0
-1695	8685.0	6321.0
-1694	8829.0	6340.0
-1693	8820.0	6535.0
-1692	8822.0	6498.0
-1691	8721.0	6280.0
-1690	8861.0	6318.0
-1689	8781.0	6503.0
-1688	8666.0	6306.0
-1687	8557.0	6369.0
-1686	8377.0	6089.0
-1685	8382.0	6078.0
-1684	8315.0	6005.0
-1683	8425.0	5779.0
-1682	8307.0	5608.0
-1681	8387.0	5408.0
-1680	8549.0	5306.0
-1679	8600.0	5013.0
-1678	8490.0	4969.0
-1677	8400.0	4943.0
-1676	8583.0	4972.0
-1675	8591.0	4998.0
-1674	8800.0	5223.0
-1673	8845.0	5427.0
-1672	8683.0	5231.0
-1671	8803.0	5447.0
-1670	9017.0	5386.0
-1669	8945.0	5509.0
-1668	8955.0	5015.0
-1667	8923.0	5194.0
-1666	8783.0	5174.0
-1665	8845.0	5185.0
-1664	8877.0	5241.0
-1663	8696.0	5244.0
-1662	8381.0	5122.0
-1661	8389.0	5218.0
-1660	8581.0	5452.0
-1659	8503.0	5351.0
-1658	8774.0	5610.0
-1657	8640.0	5812.0
-1656	8908.0	5651.0
-1655	8872.0	5704.0
-1654	8981.0	5727.0
-1653	9051.0	5581.0
-1652	9090.0	5642.0
-1651	9003.0	5903.0
-1650	8761.0	5844.0
-1649	8726.0	5890.0
-1648	8891.0	5884.0
-1647	8675.0	5915.0
-1646	8750.0	5851.0
-1645	8722.0	5962.0
-1644	8714.0	6093.0
-1643	8689.0	6301.0
-1642	8552.0	6322.0
-1641	8480.0	6256.0
-1640	8553.0	6410.0
-1639	8938.0	6426.0
-1638	8945.0	6258.0
-1637	8961.0	6302.0
-1636	8892.0	6368.0
-1635	9084.0	6309.0
-1634	8894.0	6170.0
-1633	8945.0	5930.0
-1632	8847.0	5759.0
-1631	8557.0	5835.0
-1630	8942.0	5842.0
-1629	8874.0	5788.0
-1628	9104.0	5802.0
-1627	9218.0	5616.0
-1626	8897.0	5695.0
-1625	8979.0	5852.0
-1624	8962.0	5976.0
-1623	9162.0	6030.0
-1622	9455.0	6087.0
-1621	9314.0	6286.0
-1620	9253.0	6390.0
-1619	9488.0	6463.0
-1618	9407.0	6412.0
-1617	8994.0	6468.0
-1616	9146.0	6484.0
-1615	9229.0	6478.0
-1614	9338.0	6135.0
-1613	9498.0	6115.0
-1612	9403.0	6129.0
-1611	9344.0	5956.0
-1610	9605.0	6309.0
-1609	9580.0	6221.0
-1608	9614.0	6047.0
-1607	9518.0	5859.0
-1606	9428.0	6125.0
-1605	9122.0	6321.0
-1604	9052.0	6218.0
-1603	8907.0	6160.0
-1602	8955.0	6131.0
-1601	8847.0	5935.0
-1600	8936.0	5704.0
-1599	8888.0	5886.0
-1598	8877.0	5945.0
-1597	8805.0	6016.0
-1596	9081.0	6102.0
-1595	8969.0	5953.0
-1594	8763.0	6199.0
-1593	8828.0	6351.0
-1592	8966.0	6069.0
-1591	8725.0	6269.0
-1590	8739.0	6145.0
-1589	8683.0	6296.0
-1588	8702.0	6060.0
-1587	8750.0	6302.0
-1586	8820.0	6216.0
-1585	8856.0	6313.0
-1584	8862.0	6100.0
-1583	8978.0	5938.0
-1582	9094.0	5947.0
-1581	8759.0	5939.0
-1580	8659.0	6032.0
-1579	8348.0	6051.0
-1578	8421.0	5996.0
-1577	8432.0	6273.0
-1576	8499.0	6359.0
-1575	8642.0	6285.0
-1574	8546.0	6252.0
-1573	8606.0	6377.0
-1572	8736.0	6198.0
-1571	8607.0	6030.0
-1570	8792.0	6146.0
-1569	8729.0	6186.0
-1568	9005.0	5847.0
-1567	9058.0	5919.0
-1566	8940.0	5856.0
-1565	9031.0	5712.0
-1564	9107.0	5756.0
-1563	8746.0	5843.0
-1562	9116.0	5505.0
-1561	9085.0	5526.0
-1560	9320.0	5623.0
-1559	9408.0	5467.0
-1558	9544.0	5529.0
-1557	9334.0	5446.0
-1556	9345.0	5721.0
-1555	9693.0	5558.0
-1554	9694.0	5447.0
-1553	9740.0	5406.0
-1552	9770.0	5591.0
-1551	9622.0	5539.0
-1550	9699.0	5567.0
-1549	9731.0	5507.0
-1548	9661.0	5604.0
-1547	9454.0	5664.0
-1546	9315.0	5477.0
-1545	9041.0	5258.0
-1544	8856.0	5021.0
-1543	8492.0	5272.0
-1542	8396.0	5356.0
-1541	8527.0	5479.0
-1540	8715.0	5361.0
-1539	8940.0	5490.0
-1538	9038.0	5574.0
-1537	9006.0	5700.0
-1536	9338.0	5795.0
-1535	9175.0	6349.0
-1534	9266.0	6173.0
-1533	9546.0	6290.0
-1532	9658.0	6039.0
-1531	10144.0	6125.0
-1530	10131.0	6185.0
-1529	9916.0	6097.0
-1528	9867.0	6134.0
-1527	9759.0	6198.0
-1526	10105.0	5852.0
-1525	10124.0	6057.0
-1524	10034.0	5820.0
-1523	10097.0	5830.0
-1522	10147.0	5972.0
-1521	10131.0	6098.0
-1520	10001.0	6026.0
-1519	10112.0	6063.0
-1518	10138.0	6157.0
-1517	10071.0	5918.0
-1516	10043.0	6024.0
-1515	9753.0	5846.0
-1514	9886.0	5689.0
-1513	9668.0	5622.0
-1512	9603.0	5747.0
-1511	9694.0	5855.0
-1510	9653.0	5721.0
-1509	9588.0	5581.0
-1508	9580.0	5427.0
-1507	10270.0	5528.0
-1506	10804.0	5510.0
-1505	10385.0	5785.0
-1504	10198.0	5833.0
-1503	9783.0	5632.0
-1502	9718.0	6012.0
-1501	9738.0	5724.0
-1500	9511.0	5770.0
-1499	9543.0	6252.0
-1498	9770.0	5954.0
-1497	9819.0	6023.0
-1496	9649.0	5958.0
-1495	9647.0	5883.0
-1494	9404.0	5870.0
-1493	9358.0	6000.0
-1492	9285.0	6104.0
-1491	9402.0	5847.0
-1490	9244.0	5682.0
-1489	9104.0	5771.0
-1488	9062.0	5876.0
-1487	9172.0	5885.0
-1486	9312.0	5809.0
-1485	9173.0	5758.0
-1484	9158.0	5919.0
-1483	9003.0	5915.0
-1482	9040.0	6179.0
-1481	9143.0	6179.0
-1480	8935.0	6358.0
-1479	9063.0	6151.0
-1478	9323.0	6106.0
-1477	9458.0	6449.0
-1476	9095.0	6336.0
-1475	9165.0	6380.0
-1474	9243.0	6355.0
-1473	9099.0	6233.0
-1472	9205.0	6042.0
-1471	9369.0	5927.0
-1470	9367.0	5976.0
-1469	9507.0	5970.0
-1468	9636.0	5999.0
-1467	9677.0	6069.0
-1466	9832.0	5920.0
-1465	9943.0	6176.0
-1464	9759.0	6123.0
-1463	10129.0	5763.0
-1462	10240.0	5915.0
-1461	10189.0	6128.0
-1460	10126.0	5931.0
-1459	10131.0	6065.0
-1458	10327.0	5827.0
-1457	10236.0	6012.0
-1456	10011.0	6046.0
-1455	9959.0	6120.0
-1454	9848.0	5980.0
-1453	9703.0	6021.0
-1452	9639.0	6337.0
-1451	9682.0	6007.0
-1450	9636.0	5865.0
-1449	9568.0	5813.0
-1448	9394.0	5624.0
-1447	9497.0	5596.0
-1446	9484.0	5671.0
-1445	9656.0	5549.0
-1444	9735.0	5790.0
-1443	9740.0	5736.0
-1442	9946.0	5814.0
-1441	9701.0	5818.0
-1440	9826.0	5795.0
-1439	9884.0	5983.0
-1438	9886.0	6117.0
-1437	9865.0	6184.0
-1436	9730.0	5858.0
-1435	9717.0	6022.0
-1434	9359.0	5855.0
-1433	9445.0	5585.0
-1432	9660.0	6063.0
-1431	9511.0	5920.0
-1430	9477.0	6042.0
-1429	9394.0	6186.0
-1428	9327.0	6134.0
-1427	9546.0	6362.0
-1426	9790.0	6340.0
-1425	9789.0	6566.0
-1424	9806.0	6259.0
-1423	9876.0	6282.0
-1422	10034.0	6328.0
-1421	9959.0	6493.0
-1420	9961.0	6237.0
-1419	9905.0	6383.0
-1418	9995.0	6800.0
-1417	9909.0	6873.0
-1416	9986.0	6978.0
-1415	10699.0	7055.0
-1414	10049.0	7354.0
-1413	9979.0	7431.0
-1412	9804.0	7436.0
-1411	9847.0	7236.0
-1410	9747.0	7501.0
-1409	9762.0	7457.0
-1408	9907.0	7475.0
-1407	9773.0	7361.0
-1406	9605.0	7638.0
-1405	9825.0	7592.0
-1404	9738.0	7519.0
-1403	9605.0	7574.0
-1402	9743.0	7646.0
-1401	9445.0	7747.0
-1400	9282.0	7363.0
-1399	9130.0	7732.0
-1398	9160.0	7860.0
-1397	9210.0	8214.0
-1396	9343.0	8327.0
-1395	9386.0	7874.0
-1394	9702.0	7698.0
-1393	9673.0	7436.0
-1392	9691.0	7295.0
-1391	9525.0	7151.0
-1390	9317.0	7292.0
-1389	9272.0	7564.0
-1388	9163.0	7621.0
-1387	9541.0	7788.0
-1386	9773.0	7759.0
-1385	9647.0	7992.0
-1384	9861.0	7894.0
-1383	9904.0	8036.0
-1382	9961.0	8203.0
-1381	10130.0	7973.0
-1380	9979.0	8267.0
-1379	9878.0	7513.0
-1378	9920.0	7403.0
-1377	9635.0	7655.0
-1376	9411.0	7555.0
-1375	9412.0	7411.0
-1374	9494.0	7406.0
-1373	9589.0	7410.0
-1372	9421.0	7287.0
-1371	9771.0	7359.0
-1370	9633.0	7344.0
-1369	9716.0	7441.0
-1368	9732.0	7466.0
-1367	9906.0	7027.0
-1366	9680.0	7190.0
-1365	9801.0	7034.0
-1364	9767.0	7437.0
-1363	9843.0	7208.0
-1362	9791.0	7128.0
-1361	10039.0	7555.0
-1360	10012.0	7309.0
-1359	10366.0	7338.0
-1358	10268.0	7184.0
-1357	10376.0	7119.0
-1356	10462.0	6873.0
-1355	10285.0	6841.0
-1354	10403.0	6806.0
-1353	10283.0	6865.0
-1352	10251.0	6824.0
-1351	10638.0	6635.0
-1350	10571.0	6846.0
-1349	10587.0	6877.0
-1348	10655.0	6959.0
-1347	10473.0	6766.0
-1346	10509.0	6719.0
-1345	10729.0	6429.0
-1344	10487.0	6696.0
-1343	10089.0	6603.0
-1342	9968.0	6876.0
-1341	10072.0	6885.0
-1340	10086.0	6494.0
-1339	9937.0	6399.0
-1338	10158.0	6475.0
-1337	10114.0	6393.0
-1336	10290.0	6379.0
-1335	10165.0	6561.0
-1334	10169.0	6433.0
-1333	10136.0	6311.0
-1332	10295.0	6645.0
-1331	10423.0	6649.0
-1330	10278.0	6704.0
-1329	10062.0	6801.0
-1328	9971.0	6943.0
-1327	10213.0	6680.0
-1326	10219.0	6874.0
-1325	10007.0	6865.0
-1324	9936.0	6868.0
-1323	9845.0	6832.0
-1322	10227.0	6670.0
-1321	9780.0	6751.0
-1320	9740.0	6613.0
-1319	9533.0	6920.0
-1318	9591.0	6973.0
-1317	9903.0	6972.0
-1316	9922.0	6954.0
-1315	10174.0	6783.0
-1314	10552.0	6657.0
-1313	10497.0	6907.0
-1312	10188.0	6569.0
-1311	10256.0	6612.0
-1310	10288.0	6941.0
-1309	10282.0	7065.0
-1308	10278.0	6951.0
-1307	10299.0	6923.0
-1306	10161.0	6799.0
-1305	9985.0	7135.0
-1304	9917.0	6922.0
-1303	10140.0	7002.0
-1302	10027.0	7079.0
-1301	10173.0	7355.0
-1300	10335.0	7088.0
-1299	10272.0	7186.0
-1298	10422.0	7080.0
-1297	10539.0	6972.0
-1296	10431.0	7066.0
-1295	10559.0	7074.0
-1294	10550.0	6941.0
-1293	10399.0	6872.0
-1292	10255.0	6504.0
-1291	10224.0	6773.0
-1290	9904.0	6614.0
-1289	9727.0	6537.0
-1288	9699.0	6710.0
-1287	9587.0	6709.0
-1286	9354.0	6786.0
-1285	9330.0	6827.0
-1284	9296.0	6432.0
-1283	9547.0	6341.0
-1282	9515.0	6483.0
-1281	9512.0	6682.0
-1280	9500.0	6780.0
-1279	9373.0	6703.0
-1278	9623.0	6680.0
-1277	9539.0	6509.0
-1276	9628.0	6504.0
-1275	9657.0	6741.0
-1274	9599.0	6639.0
-1273	9677.0	7143.0
-1272	9532.0	7130.0
-1271	9791.0	7151.0
-1270	10022.0	6947.0
-1269	9975.0	6878.0
-1268	9955.0	6764.0
-1267	10119.0	6779.0
-1266	10126.0	7254.0
-1265	10156.0	7207.0
-1264	10100.0	7228.0
-1263	9808.0	7664.0
-1262	9937.0	7784.0
-1261	9816.0	7674.0
-1260	9894.0	8075.0
-1259	9813.0	7975.0
-1258	9789.0	8012.0
-1257	10002.0	7798.0
-1256	9986.0	7931.0
-1255	10178.0	8015.0
-1254	10181.0	7900.0
-1253	10183.0	7775.0
-1252	10156.0	7706.0
-1251	10399.0	7511.0
-1250	10314.0	7178.0
-1249	10314.0	7188.0
-1248	10530.0	7480.0
-1247	10521.0	7212.0
-1246	10412.0	7021.0
-1245	10310.0	6999.0
-1244	10397.0	7246.0
-1243	10321.0	7302.0
-1242	10288.0	7436.0
-1241	10261.0	7560.0
-1240	10260.0	7478.0
-1239	10304.0	7469.0
-1238	10349.0	7348.0
-1237	10273.0	7112.0
-1236	10384.0	7021.0
-1235	10172.0	7031.0
-1234	10015.0	6555.0
-1233	9997.0	6290.0
-1232	9686.0	6721.0
-1231	9347.0	6409.0
-1230	9339.0	6358.0
-1229	9473.0	6306.0
-1228	9222.0	6295.0
-1227	9215.0	6558.0
-1226	9059.0	6068.0
-1225	9435.0	6335.0
-1224	9537.0	6573.0
-1223	9461.0	6391.0
-1222	9679.0	6611.0
-1221	9598.0	6336.0
-1220	9680.0	6412.0
-1219	9626.0	6334.0
-1218	9534.0	6337.0
-1217	9692.0	6357.0
-1216	9770.0	6491.0
-1215	9919.0	6754.0
-1214	10091.0	6599.0
-1213	10481.0	6624.0
-1212	10350.0	6524.0
-1211	10335.0	6368.0
-1210	10250.0	6503.0
-1209	10240.0	6647.0
-1208	10127.0	6648.0
-1207	9977.0	6907.0
-1206	9916.0	6747.0
-1205	9794.0	6749.0
-1204	10035.0	6750.0
-1203	9689.0	6806.0
-1202	10089.0	7090.0
-1201	10248.0	7017.0
-1200	10424.0	6781.0
-1199	10462.0	6852.0
-1198	10224.0	6838.0
-1197	10079.0	6722.0
-1196	9862.0	6916.0
-1195	9949.0	6806.0
-1194	9638.0	7030.0
-1193	9867.0	6875.0
-1192	9713.0	6678.0
-1191	9591.0	6851.0
-1190	9638.0	6778.0
-1189	9628.0	6595.0
-1188	9897.0	6577.0
-1187	9810.0	6696.0
-1186	9983.0	7059.0
-1185	9964.0	6877.0
-1184	9946.0	6710.0
-1183	10059.0	6473.0
-1182	9789.0	6778.0
-1181	10218.0	6941.0
-1180	10238.0	6654.0
-1179	10558.0	6424.0
-1178	10675.0	6159.0
-1177	10898.0	6447.0
-1176	10586.0	6336.0
-1175	10309.0	6482.0
-1174	10016.0	6598.0
-1173	10108.0	6302.0
-1172	10049.0	6488.0
-1171	9862.0	6559.0
-1170	9872.0	6659.0
-1169	9905.0	6652.0
-1168	9906.0	6924.0
-1167	9938.0	6926.0
-1166	9857.0	7163.0
-1165	9742.0	7056.0
-1164	9668.0	6736.0
-1163	9718.0	6700.0
-1162	9581.0	6780.0
-1161	9613.0	6844.0
-1160	9542.0	6423.0
-1159	9521.0	6503.0
-1158	9479.0	6513.0
-1157	9567.0	6524.0
-1156	9588.0	6477.0
-1155	9634.0	6520.0
-1154	9614.0	6718.0
-1153	9525.0	6725.0
-1152	9490.0	6802.0
-1151	9794.0	6913.0
-1150	10002.0	7122.0
-1149	10250.0	7080.0
-1148	10383.0	7122.0
-1147	10372.0	7187.0
-1146	10596.0	7102.0
-1145	10801.0	7188.0
-1144	10574.0	7177.0
-1143	10715.0	6996.0
-1142	10645.0	6979.0
-1141	10510.0	7161.0
-1140	10635.0	6895.0
-1139	10416.0	6842.0
-1138	10553.0	6800.0
-1137	10454.0	6567.0
-1136	10220.0	6483.0
-1135	10173.0	6118.0
-1134	10414.0	6160.0
-1133	10215.0	6000.0
-1132	10101.0	5804.0
-1131	10007.0	5978.0
-1130	9767.0	5963.0
-1129	9887.0	5958.0
-1128	10132.0	6021.0
-1127	10319.0	6272.0
-1126	10459.0	6149.0
-1125	10398.0	5953.0
-1124	10353.0	6190.0
-1123	10530.0	6490.0
-1122	10232.0	6359.0
-1121	10237.0	6519.0
-1120	10323.0	6299.0
-1119	10082.0	6695.0
-1118	10135.0	6447.0
-1117	10032.0	6198.0
-1116	9876.0	6263.0
-1115	10078.0	6448.0
-1114	9941.0	6231.0
-1113	9644.0	6024.0
-1112	9825.0	6090.0
-1111	9659.0	6088.0
-1110	9476.0	6384.0
-1109	9535.0	6376.0
-1108	9545.0	6442.0
-1107	9537.0	6655.0
-1106	9540.0	6901.0
-1105	9912.0	6991.0
-1104	9932.0	6862.0
-1103	9869.0	6688.0
-1102	9985.0	6865.0
-1101	10375.0	7112.0
-1100	10176.0	7102.0
-1099	10636.0	7029.0
-1098	10712.0	7186.0
-1097	10653.0	7270.0
-1096	10715.0	7209.0
-1095	10832.0	7184.0
-1094	10963.0	7181.0
-1093	10692.0	7267.0
-1092	10570.0	7348.0
-1091	10634.0	7280.0
-1090	10838.0	7566.0
-1089	11023.0	7445.0
-1088	11066.0	7217.0
-1087	11219.0	7332.0
-1086	10876.0	6925.0
-1085	10661.0	7037.0
-1084	10813.0	6894.0
-1083	10533.0	6974.0
-1082	10586.0	7181.0
-1081	10340.0	6812.0
-1080	10692.0	6930.0
-1079	10888.0	6812.0
-1078	10812.0	6512.0
-1077	10879.0	6610.0
-1076	10816.0	6744.0
-1075	10884.0	6807.0
-1074	11014.0	6845.0
-1073	10732.0	7051.0
-1072	10735.0	6841.0
-1071	10399.0	6890.0
-1070	10108.0	6801.0
-1069	10034.0	6888.0
-1068	10093.0	6839.0
-1067	9634.0	6877.0
-1066	9792.0	7095.0
-1065	9876.0	6767.0
-1064	9956.0	6776.0
-1063	10199.0	6565.0
-1062	10010.0	6201.0
-1061	10140.0	6409.0
-1060	10292.0	6390.0
-1059	10550.0	6397.0
-1058	10942.0	6516.0
-1057	10843.0	6676.0
-1056	10980.0	6595.0
-1055	10872.0	6591.0
-1054	11005.0	6704.0
-1053	10654.0	6747.0
-1052	10633.0	6819.0
-1051	10739.0	6831.0
-1050	10948.0	6875.0
-1049	11071.0	6818.0
-1048	10892.0	6985.0
-1047	10929.0	7030.0
-1046	10914.0	6978.0
-1045	10665.0	7178.0
-1044	10671.0	7074.0
-1043	10575.0	7158.0
-1042	10619.0	7231.0
-1041	10650.0	7075.0
-1040	10959.0	7223.0
-1039	10846.0	7056.0
-1038	10674.0	7346.0
-1037	10664.0	7392.0
-1036	10417.0	7394.0
-1035	10490.0	7546.0
-1034	10526.0	7175.0
-1033	10673.0	7409.0
-1032	10712.0	7546.0
-1031	10813.0	7632.0
-1030	10857.0	7895.0
-1029	10857.0	7819.0
-1028	11047.0	7540.0
-1027	10970.0	7378.0
-1026	11224.0	7273.0
-1025	10827.0	7489.0
-1024	11064.0	7239.0
-1023	11042.0	7164.0
-1022	10887.0	7038.0
-1021	10773.0	7193.0
-1020	10763.0	7103.0
-1019	10564.0	7222.0
-1018	10586.0	7461.0
-1017	10807.0	7497.0
-1016	11026.0	7692.0
-1015	10783.0	7694.0
-1014	10878.0	7605.0
-1013	11044.0	8026.0
-1012	11075.0	7902.0
-1011	11284.0	7760.0
-1010	11379.0	7782.0
-1009	10941.0	7617.0
-1008	11127.0	7468.0
-1007	11087.0	7631.0
-1006	10796.0	7509.0
-1005	10945.0	7701.0
-1004	11114.0	7985.0
-1003	11095.0	8064.0
-1002	10656.0	7897.0
-1001	10508.0	7632.0
-1000	10471.0	7660.0
-999	10469.0	7871.0
-998	10532.0	7960.0
-997	10224.0	7707.0
-996	10346.0	7672.0
-995	10193.0	7902.0
-994	10368.0	7830.0
-993	10420.0	7926.0
-992	10390.0	7876.0
-991	10494.0	7745.0
-990	10246.0	7705.0
-989	10192.0	7647.0
-988	10218.0	7737.0
-987	10245.0	7546.0
-986	9914.0	7367.0
-985	9871.0	7343.0
-984	9941.0	7445.0
-983	9973.0	7329.0
-982	10059.0	7525.0
-981	10085.0	7537.0
-980	10197.0	7483.0
-979	9984.0	7501.0
-978	10191.0	7174.0
-977	10398.0	7186.0
-976	10327.0	7266.0
-975	10728.0	7265.0
-974	10582.0	7172.0
-973	10576.0	6945.0
-972	10923.0	7096.0
-971	10903.0	6728.0
-970	10698.0	6584.0
-969	10789.0	6707.0
-968	10719.0	6624.0
-967	10722.0	6887.0
-966	11044.0	6853.0
-965	10994.0	6822.0
-964	11044.0	6894.0
-963	11214.0	6884.0
-962	10966.0	7075.0
-961	11215.0	7054.0
-960	11265.0	7263.0
-959	11521.0	7352.0
-958	11452.0	7213.0
-957	11583.0	7270.0
-956	11490.0	6972.0
-955	11455.0	6960.0
-954	11468.0	6617.0
-953	11311.0	6881.0
-952	11442.0	7180.0
-951	11102.0	7126.0
-950	10670.0	6950.0
-949	10687.0	6774.0
-948	10787.0	6531.0
-947	11037.0	6488.0
-946	11249.0	6316.0
-945	11215.0	6247.0
-944	11002.0	6107.0
-943	10850.0	5997.0
-942	10796.0	6328.0
-941	10714.0	6452.0
-940	10916.0	6446.0
-939	11163.0	6515.0
-938	11112.0	6575.0
-937	11402.0	6558.0
-936	11618.0	6621.0
-935	11558.0	6667.0
-934	11798.0	6859.0
-933	11703.0	6741.0
-932	11811.0	6764.0
-931	11785.0	6750.0
-930	11956.0	6751.0
-929	11890.0	6754.0
-928	11975.0	6691.0
-927	11827.0	6567.0
-926	11771.0	6465.0
-925	11830.0	6188.0
-924	12061.0	6217.0
-923	11986.0	6518.0
-922	11908.0	6327.0
-921	11508.0	6559.0
-920	11478.0	6409.0
-919	11740.0	6244.0
-918	11597.0	6216.0
-917	11401.0	6214.0
-916	11138.0	6170.0
-915	11003.0	6495.0
-914	10993.0	6171.0
-913	11135.0	6299.0
-912	11514.0	6477.0
-911	11395.0	6680.0
-910	11638.0	6820.0
-909	11753.0	6747.0
-908	11586.0	6654.0
-907	11734.0	6811.0
-906	11607.0	6706.0
-905	11457.0	6823.0
-904	11121.0	6789.0
-903	11340.0	7203.0
-902	10832.0	7169.0
-901	10762.0	7183.0
-900	10864.0	7599.0
-899	10756.0	7537.0
-898	10730.0	7721.0
-897	10903.0	7627.0
-896	10939.0	7755.0
-895	10955.0	7778.0
-894	11082.0	8118.0
-893	10854.0	8223.0
-892	11087.0	8265.0
-891	11280.0	7884.0
-890	11383.0	7715.0
-889	11505.0	7854.0
-888	11605.0	7833.0
-887	11597.0	7565.0
-886	11171.0	7531.0
-885	11260.0	7463.0
-884	11204.0	7068.0
-883	10945.0	7102.0
-882	11177.0	6846.0
-881	11142.0	6801.0
-880	11224.0	6642.0
-879	11294.0	6663.0
-878	11225.0	6725.0
-877	11238.0	6709.0
-876	11020.0	6848.0
-875	10848.0	6943.0
-874	10974.0	6818.0
-873	10876.0	6914.0
-872	10778.0	6826.0
-871	10759.0	6867.0
-870	10689.0	7327.0
-869	10750.0	7129.0
-868	10663.0	7477.0
-867	10508.0	7607.0
-866	10615.0	7665.0
-865	10563.0	7990.0
-864	10755.0	7784.0
-863	10532.0	7818.0
-862	10548.0	7846.0
-861	10620.0	7818.0
-860	10536.0	7793.0
-859	10806.0	7500.0
-858	10967.0	7769.0
-857	10970.0	7432.0
-856	11113.0	7902.0
-855	11166.0	7623.0
-854	11025.0	7477.0
-853	10776.0	7275.0
-852	10980.0	7536.0
-851	10765.0	7469.0
-850	10690.0	7414.0
-849	11021.0	7765.0
-848	11073.0	7852.0
-847	10956.0	8113.0
-846	10788.0	7737.0
-845	10704.0	7798.0
-844	10609.0	7759.0
-843	10869.0	7718.0
-842	10845.0	7410.0
-841	10812.0	7257.0
-840	11182.0	7137.0
-839	10976.0	7016.0
-838	10789.0	7044.0
-837	10813.0	7086.0
-836	10803.0	6947.0
-835	10766.0	7035.0
-834	11383.0	7012.0
-833	11404.0	6942.0
-832	11815.0	7161.0
-831	11691.0	7202.0
-830	11785.0	7100.0
-829	11735.0	7244.0
-828	11505.0	7316.0
-827	11887.0	7175.0
-826	11694.0	7359.0
-825	11677.0	7384.0
-824	11666.0	7234.0
-823	11687.0	7451.0
-822	11549.0	7470.0
-821	11649.0	7589.0
-820	11418.0	7473.0
-819	11369.0	7473.0
-818	11126.0	7444.0
-817	11197.0	7091.0
-816	11190.0	7379.0
-815	11065.0	7107.0
-814	11075.0	6915.0
-813	10884.0	6858.0
-812	11050.0	6677.0
-811	10813.0	6858.0
-810	10995.0	7121.0
-809	11056.0	7157.0
-808	10959.0	7307.0
-807	11245.0	7313.0
-806	11080.0	7331.0
-805	10951.0	7408.0
-804	10841.0	7399.0
-803	10932.0	7527.0
-802	10581.0	7550.0
-801	10874.0	7481.0
-800	10931.0	7617.0
-799	11082.0	7919.0
-798	11414.0	8121.0
-797	11615.0	8354.0
-796	11690.0	8751.0
-795	11822.0	9002.0
-794	11720.0	8898.0
-793	11720.0	8839.0
-792	11909.0	8633.0
-791	12197.0	8581.0
-790	12214.0	7997.0
-789	12235.0	8023.0
-788	12379.0	8313.0
-787	11975.0	8377.0
-786	11804.0	8024.0
-785	12022.0	7895.0
-784	11697.0	7735.0
-783	11696.0	7521.0
-782	11637.0	7456.0
-781	11949.0	7247.0
-780	11830.0	7402.0
-779	11952.0	7291.0
-778	12027.0	7354.0
-777	12250.0	7088.0
-776	12240.0	7121.0
-775	12317.0	7160.0
-774	12268.0	7367.0
-773	12056.0	7189.0
-772	12192.0	6760.0
-771	11814.0	7020.0
-770	11669.0	6803.0
-769	11613.0	6907.0
-768	11531.0	6887.0
-767	11583.0	6958.0
-766	11501.0	7063.0
-765	11640.0	7404.0
-764	11753.0	7269.0
-763	11581.0	7457.0
-762	11785.0	7497.0
-761	11731.0	7395.0
-760	11840.0	7389.0
-759	11981.0	7516.0
-758	12165.0	7532.0
-757	12159.0	7681.0
-756	12324.0	7524.0
-755	12372.0	7577.0
-754	12328.0	7761.0
-753	12579.0	7411.0
-752	12647.0	7827.0
-751	12849.0	7990.0
-750	12968.0	8145.0
-749	13049.0	8203.0
-748	13040.0	8033.0
-747	12931.0	7724.0
-746	13040.0	7445.0
-745	12991.0	7364.0
-744	12742.0	7657.0
-743	13020.0	7340.0
-742	12933.0	7167.0
-741	12634.0	7267.0
-740	12622.0	7474.0
-739	12398.0	7610.0
-738	12554.0	7748.0
-737	12244.0	8016.0
-736	12525.0	8029.0
-735	12549.0	8299.0
-734	12531.0	8428.0
-733	12282.0	7853.0
-732	12354.0	7888.0
-731	12596.0	7986.0
-730	12488.0	8053.0
-729	12560.0	7872.0
-728	12439.0	7836.0
-727	12393.0	7701.0
-726	12468.0	7822.0
-725	12223.0	7537.0
-724	12121.0	7390.0
-723	12072.0	7450.0
-722	12059.0	7542.0
-721	12250.0	7556.0
-720	12220.0	7642.0
-719	12321.0	7647.0
-718	12377.0	7368.0
-717	12362.0	7181.0
-716	12388.0	7464.0
-715	12405.0	7531.0
-714	12302.0	7687.0
-713	12265.0	7651.0
-712	12141.0	7928.0
-711	12096.0	7954.0
-710	12176.0	8049.0
-709	12025.0	7996.0
-708	11942.0	7688.0
-707	12395.0	7661.0
-706	12436.0	7762.0
-705	12446.0	7578.0
-704	12558.0	7568.0
-703	12872.0	7566.0
-702	12763.0	7401.0
-701	12954.0	7243.0
-700	12661.0	7386.0
-699	12322.0	7572.0
-698	12272.0	7826.0
-697	11881.0	7675.0
-696	11956.0	7574.0
-695	12052.0	7478.0
-694	11944.0	7975.0
-693	12011.0	7644.0
-692	11970.0	7741.0
-691	12213.0	7876.0
-690	12112.0	8121.0
-689	12101.0	8677.0
-688	12537.0	8278.0
-687	12400.0	8659.0
-686	12239.0	8561.0
-685	12269.0	8060.0
-684	12250.0	8123.0
-683	12428.0	8086.0
-682	12635.0	7865.0
-681	12856.0	8032.0
-680	13159.0	8226.0
-679	13139.0	8034.0
-678	13453.0	7852.0
-677	13720.0	8193.0
-676	13655.0	8148.0
-675	13939.0	8177.0
-674	14370.0	8293.0
-673	13980.0	8591.0
-672	13644.0	8344.0
-671	13040.0	8372.0
-670	13019.0	8093.0
-669	13090.0	8149.0
-668	13079.0	8123.0
-667	13039.0	8142.0
-666	12489.0	7869.0
-665	12170.0	7615.0
-664	12429.0	7753.0
-663	12366.0	7453.0
-662	12244.0	7549.0
-661	12064.0	7773.0
-660	12109.0	7580.0
-659	12116.0	7430.0
-658	12006.0	7611.0
-657	11961.0	7338.0
-656	12015.0	7534.0
-655	11505.0	7283.0
-654	11502.0	7202.0
-653	11497.0	7224.0
-652	11428.0	7027.0
-651	11730.0	7520.0
-650	11419.0	7801.0
-649	11203.0	7426.0
-648	11120.0	7152.0
-647	10963.0	7139.0
-646	10985.0	7432.0
-645	11053.0	7516.0
-644	11173.0	7393.0
-643	11355.0	7471.0
-642	11370.0	7378.0
-641	11483.0	7438.0
-640	11772.0	7546.0
-639	12001.0	7892.0
-638	12187.0	7710.0
-637	11891.0	7692.0
-636	11995.0	7237.0
-635	11950.0	7531.0
-634	12136.0	7192.0
-633	12250.0	7247.0
-632	12489.0	7386.0
-631	12073.0	6854.0
-630	12292.0	6925.0
-629	12327.0	6955.0
-628	12506.0	6902.0
-627	12536.0	7201.0
-626	12341.0	7249.0
-625	11957.0	7253.0
-624	11851.0	7271.0
-623	11860.0	7526.0
-622	11976.0	7691.0
-621	12123.0	7546.0
-620	12381.0	7698.0
-619	12242.0	7448.0
-618	12403.0	7667.0
-617	12535.0	7377.0
-616	12674.0	7542.0
-615	12632.0	7491.0
-614	12789.0	7582.0
-613	12811.0	7473.0
-612	13028.0	7616.0
-611	12936.0	7474.0
-610	13271.0	7519.0
-609	13461.0	7592.0
-608	13225.0	7397.0
-607	13544.0	7058.0
-606	13505.0	7108.0
-605	13103.0	7253.0
-604	13007.0	6976.0
-603	13225.0	6858.0
-602	13377.0	6732.0
-601	13071.0	6967.0
-600	13048.0	7411.0
-599	13250.0	7318.0
-598	13190.0	7351.0
-597	13315.0	7087.0
-596	13496.0	7525.0
-595	13719.0	7806.0
-594	13903.0	8129.0
-593	13705.0	8033.0
-592	13892.0	7805.0
-591	13796.0	7884.0
-590	13456.0	7933.0
-589	13151.0	8031.0
-588	13177.0	7652.0
-587	13135.0	7385.0
-586	13089.0	7584.0
-585	12827.0	7531.0
-584	13158.0	7586.0
-583	13024.0	7393.0
-582	13282.0	7513.0
-581	13420.0	7531.0
-580	13509.0	7342.0
-579	13705.0	7504.0
-578	13549.0	7653.0
-577	13430.0	7916.0
-576	12945.0	7703.0
-575	12906.0	8018.0
-574	13430.0	7983.0
-573	13482.0	7953.0
-572	13664.0	7923.0
-571	13800.0	7687.0
-570	13763.0	7981.0
-569	13585.0	7965.0
-568	13627.0	7879.0
-567	13616.0	7925.0
-566	13370.0	7911.0
-565	13069.0	7781.0
-564	13385.0	7688.0
-563	13089.0	7779.0
-562	12875.0	7877.0
-561	12703.0	8084.0
-560	12705.0	8126.0
-559	12364.0	8097.0
-558	12110.0	7996.0
-557	12230.0	7889.0
-556	12032.0	7850.0
-555	12009.0	7614.0
-554	12074.0	7850.0
-553	12088.0	7810.0
-552	11999.0	7703.0
-551	12308.0	7871.0
-550	12491.0	8079.0
-549	12464.0	8015.0
-548	12632.0	8061.0
-547	12315.0	8006.0
-546	12243.0	7637.0
-545	12694.0	7583.0
-544	12726.0	7391.0
-543	12638.0	7658.0
-542	12944.0	7656.0
-541	12869.0	7416.0
-540	13509.0	7567.0
-539	13737.0	7667.0
-538	13743.0	7487.0
-537	14078.0	7538.0
-536	14069.0	7381.0
-535	14301.0	7299.0
-534	14373.0	7202.0
-533	14768.0	7304.0
-532	14686.0	7411.0
-531	14316.0	7566.0
-530	14214.0	7503.0
-529	14522.0	7706.0
-528	14587.0	8120.0
-527	14740.0	8098.0
-526	14563.0	8242.0
-525	14202.0	8443.0
-524	14084.0	8435.0
-523	13578.0	8616.0
-522	13719.0	8517.0
-521	13495.0	8601.0
-520	13484.0	8518.0
-519	13307.0	8156.0
-518	13463.0	8190.0
-517	13449.0	8053.0
-516	13215.0	7933.0
-515	13555.0	7867.0
-514	13517.0	7827.0
-513	13680.0	7818.0
-512	13775.0	7999.0
-511	13655.0	8047.0
-510	13714.0	7935.0
-509	14231.0	7985.0
-508	14001.0	8346.0
-507	13993.0	8135.0
-506	14278.0	8160.0
-505	14276.0	8243.0
-504	14130.0	8275.0
-503	14086.0	8445.0
-502	13936.0	8511.0
-501	13908.0	8570.0
-500	13568.0	8822.0
-499	13448.0	8515.0
-498	13071.0	8526.0
-497	12957.0	8811.0
-496	12983.0	8794.0
-495	12702.0	8526.0
-494	12983.0	8568.0
-493	13205.0	8540.0
-492	13460.0	8244.0
-491	13822.0	8120.0
-490	14082.0	8140.0
-489	14197.0	7898.0
-488	13660.0	8049.0
-487	14075.0	7891.0
-486	14211.0	8204.0
-485	14444.0	8105.0
-484	14570.0	8189.0
-483	14530.0	8210.0
-482	14816.0	8367.0
-481	14435.0	8336.0
-480	14586.0	8279.0
-479	14836.0	8364.0
-478	14720.0	8476.0
-477	14755.0	8611.0
-476	14651.0	8486.0
-475	14755.0	8583.0
-474	14302.0	8861.0
-473	13976.0	8815.0
-472	13976.0	8375.0
-471	13912.0	8563.0
-470	14275.0	8232.0
-469	14309.0	7902.0
-468	14389.0	7769.0
-467	14573.0	8125.0
-466	14491.0	7992.0
-465	14272.0	8073.0
-464	14200.0	8277.0
-463	13923.0	8485.0
-462	13781.0	8553.0
-461	13698.0	8518.0
-460	13459.0	8600.0
-459	13521.0	8682.0
-458	13423.0	8766.0
-457	13746.0	8981.0
-456	13992.0	8679.0
-455	13950.0	8318.0
-454	13793.0	8532.0
-453	13873.0	8259.0
-452	13459.0	8436.0
-451	13559.0	8431.0
-450	13743.0	8701.0
-449	13743.0	8450.0
-448	13706.0	8604.0
-447	13840.0	8494.0
-446	13776.0	8512.0
-445	14095.0	8666.0
-444	14109.0	8511.0
-443	13843.0	8637.0
-442	13886.0	8555.0
-441	13830.0	8337.0
-440	14170.0	8226.0
-439	14293.0	8302.0
-438	14359.0	8058.0
-437	14400.0	7959.0
-436	14036.0	8194.0
-435	14109.0	8344.0
-434	14142.0	8214.0
-433	14529.0	8447.0
-432	14828.0	8511.0
-431	14702.0	8644.0
-430	14693.0	8965.0
-429	14676.0	9163.0
-428	14908.0	9375.0
-427	15073.0	9323.0
-426	14903.0	9745.0
-425	14542.0	10040.0
-424	14501.0	9725.0
-423	14468.0	10020.0
-422	14573.0	9705.0
-421	14858.0	9844.0
-420	14886.0	9967.0
-419	15325.0	9763.0
-418	15110.0	9896.0
-417	15095.0	9945.0
-416	15318.0	10104.0
-415	15245.0	9985.0
-414	15488.0	9906.0
-413	15296.0	9758.0
-412	15500.0	9689.0
-411	15347.0	9598.0
-410	14931.0	9548.0
-409	15146.0	9640.0
-408	15148.0	9436.0
-407	15185.0	9136.0
-406	15008.0	9349.0
-405	14976.0	9641.0
-404	15323.0	9605.0
-403	15411.0	9771.0
-402	15415.0	9343.0
-401	15113.0	9358.0
-400	15027.0	9355.0
-399	14588.0	9230.0
-398	14528.0	9085.0
-397	14366.0	8991.0
-396	14377.0	8680.0
-395	14081.0	8691.0
-394	14256.0	8372.0
-393	14512.0	8266.0
-392	14625.0	8469.0
-391	14554.0	8241.0
-390	14911.0	8161.0
-389	15124.0	8355.0
-388	15224.0	8214.0
-387	15274.0	8431.0
-386	15463.0	8404.0
-385	15701.0	8424.0
-384	15762.0	8404.0
-383	15992.0	8328.0
-382	16188.0	8289.0
-381	16468.0	8125.0
-380	16305.0	7906.0
-379	16338.0	8026.0
-378	16336.0	8172.0
-377	16295.0	7976.0
-376	16133.0	8002.0
-375	16356.0	7757.0
-374	16372.0	7712.0
-373	16441.0	7493.0
-372	16218.0	7534.0
-371	16182.0	7445.0
-370	16381.0	7700.0
-369	16228.0	7994.0
-368	16199.0	8007.0
-367	16222.0	8046.0
-366	15738.0	8355.0
-365	15592.0	8304.0
-364	15532.0	8071.0
-363	15189.0	7811.0
-362	15208.0	8068.0
-361	15372.0	7852.0
-360	15127.0	8106.0
-359	15158.0	8269.0
-358	15197.0	8050.0
-357	15128.0	8200.0
-356	15200.0	8337.0
-355	15185.0	8526.0
-354	15466.0	8964.0
-353	15684.0	8919.0
-352	16175.0	9079.0
-351	16103.0	9301.0
-350	16131.0	9220.0
-349	16055.0	8970.0
-348	16442.0	8710.0
-347	16351.0	8489.0
-346	16512.0	8501.0
-345	16357.0	8560.0
-344	16226.0	8648.0
-343	16528.0	8701.0
-342	16204.0	8690.0
-341	16005.0	8724.0
-340	15974.0	8733.0
-339	15814.0	8938.0
-338	15992.0	8886.0
-337	16181.0	8512.0
-336	16372.0	8463.0
-335	16221.0	8586.0
-334	16251.0	8583.0
-333	16407.0	8671.0
-332	16522.0	8657.0
-331	16756.0	8818.0
-330	16120.0	8901.0
-329	15822.0	8682.0
-328	15788.0	8750.0
-327	15823.0	9057.0
-326	15626.0	8919.0
-325	15874.0	9049.0
-324	15810.0	8879.0
-323	15920.0	8788.0
-322	15883.0	8832.0
-321	15828.0	9041.0
-320	15947.0	8796.0
-319	16098.0	9257.0
-318	16313.0	9058.0
-317	16336.0	8863.0
-316	16619.0	8568.0
-315	16621.0	8730.0
-314	16061.0	8651.0
-313	15851.0	8409.0
-312	16141.0	8676.0
-311	16149.0	8673.0
-310	16163.0	8746.0
-309	16017.0	8932.0
-308	15969.0	8749.0
-307	15592.0	8991.0
-306	15783.0	8599.0
-305	15782.0	8895.0
-304	15619.0	9023.0
-303	15669.0	9230.0
-302	15435.0	9342.0
-301	15618.0	9437.0
-300	15733.0	9385.0
-299	15826.0	9493.0
-298	15880.0	9612.0
-297	16115.0	9528.0
-296	16038.0	9718.0
-295	15899.0	9778.0
-294	15943.0	9979.0
-293	15354.0	9986.0
-292	15355.0	10069.0
-291	15187.0	10056.0
-290	15300.0	9871.0
-289	15142.0	9880.0
-288	15575.0	9986.0
-287	15580.0	9851.0
-286	15512.0	9724.0
-285	15749.0	9756.0
-284	16036.0	9233.0
-283	16223.0	9298.0
-282	16390.0	9054.0
-281	16349.0	9271.0
-280	15911.0	9356.0
-279	16407.0	9161.0
-278	16324.0	9098.0
-277	16387.0	8775.0
-276	16613.0	8971.0
-275	16731.0	8993.0
-274	17046.0	8956.0
-273	17383.0	8858.0
-272	17825.0	8738.0
-271	17640.0	8977.0
-270	17709.0	8921.0
-269	17619.0	8927.0
-268	17496.0	9033.0
-267	17007.0	9332.0
-266	16909.0	9265.0
-265	17213.0	9111.0
-264	17119.0	8814.0
-263	16972.0	9078.0
-262	17001.0	9342.0
-261	17309.0	9276.0
-260	16674.0	9503.0
-259	16739.0	9571.0
-258	16772.0	9640.0
-257	16367.0	9976.0
-256	16406.0	9764.0
-255	15813.0	9989.0
-254	15798.0	9891.0
-253	16150.0	10347.0
-252	15934.0	9640.0
-251	16011.0	9482.0
-250	16644.0	9514.0
-249	16875.0	9345.0
-248	16916.0	9378.0
-247	16820.0	9474.0
-246	17036.0	9670.0
-245	17165.0	9578.0
-244	17434.0	9249.0
-243	17119.0	9104.0
-242	17315.0	9157.0
-241	16627.0	8959.0
-240	16720.0	9029.0
-239	16689.0	9169.0
-238	16646.0	9142.0
-237	16802.0	9173.0
-236	16600.0	9004.0
-235	16457.0	8955.0
-234	16648.0	8768.0
-233	16528.0	8963.0
-232	16449.0	8970.0
-231	16187.0	9010.0
-230	16171.0	8973.0
-229	16057.0	9058.0
-228	16203.0	9122.0
-227	16251.0	9171.0
-226	16292.0	9234.0
-225	16569.0	9276.0
-224	16664.0	8981.0
-223	16536.0	8711.0
-222	16596.0	8846.0
-221	16454.0	8606.0
-220	16521.0	8771.0
-219	16188.0	8800.0
-218	16246.0	8595.0
-217	16415.0	8638.0
-216	16473.0	8994.0
-215	16747.0	9044.0
-214	17122.0	9469.0
-213	17369.0	9322.0
-212	17405.0	9267.0
-211	17618.0	9097.0
-210	17261.0	8905.0
-209	17040.0	9172.0
-208	17383.0	9228.0
-207	17410.0	8934.0
-206	17063.0	8943.0
-205	16957.0	9031.0
-204	16962.0	8996.0
-203	16575.0	9077.0
-202	16817.0	9233.0
-201	17210.0	9149.0
-200	17243.0	9176.0
-199	17144.0	9337.0
-198	17274.0	9257.0
-197	17437.0	9353.0
-196	17643.0	9394.0
-195	17330.0	9378.0
-194	17358.0	9491.0
-193	17443.0	9424.0
-192	17564.0	9823.0
-191	17689.0	9649.0
-190	17633.0	9668.0
-189	17651.0	9660.0
-188	17451.0	9582.0
-187	17641.0	9569.0
-186	17880.0	9722.0
-185	18288.0	9676.0
-184	18727.0	9670.0
-183	18333.0	9735.0
-182	18038.0	9549.0
-181	17785.0	9534.0
-180	17708.0	9648.0
-179	17233.0	9387.0
-178	17378.0	9875.0
-177	17816.0	9781.0
-176	17202.0	9569.0
-175	17412.0	9848.0
-174	17738.0	9322.0
-173	17695.0	9702.0
-172	17823.0	9943.0
-171	18062.0	9725.0
-170	17972.0	9834.0
-169	17940.0	9802.0
-168	17945.0	9771.0
-167	18241.0	10127.0
-166	18432.0	10193.0
-165	18151.0	10472.0
-164	18053.0	10490.0
-163	18203.0	10734.0
-162	18726.0	10769.0
-161	18900.0	10417.0
-160	18746.0	10294.0
-159	18626.0	10505.0
-158	18358.0	10310.0
-157	18450.0	10470.0
-156	18498.0	10222.0
-155	18717.0	10529.0
-154	18853.0	10690.0
-153	18914.0	10827.0
-152	18862.0	10844.0
-151	18816.0	10923.0
-150	19100.0	10622.0
-149	18892.0	11046.0
-148	19040.0	10603.0
-147	19056.0	10783.0
-146	18822.0	10482.0
-145	18717.0	10663.0
-144	19253.0	10878.0
-143	18684.0	11088.0
-142	18632.0	11183.0
-141	18420.0	10855.0
-140	18309.0	10882.0
-139	18413.0	10704.0
-138	18667.0	10529.0
-137	18798.0	10641.0
-136	19100.0	10136.0
-135	19167.0	10139.0
-134	18856.0	9920.0
-133	18943.0	10149.0
-132	19422.0	10370.0
-131	19327.0	10639.0
-130	19385.0	10401.0
-129	19362.0	10492.0
-128	19180.0	10585.0
-127	19598.0	10669.0
-126	19984.0	10567.0
-125	20324.0	10861.0
-124	19963.0	10757.0
-123	20404.0	10653.0
-122	19999.0	10516.0
-121	19911.0	10032.0
-120	19883.0	9916.0
-119	19730.0	9740.0
-118	19919.0	9798.0
-117	19928.0	9937.0
-116	19768.0	9904.0
-115	20170.0	10734.0
-114	20603.0	10602.0
-113	20351.0	10272.0
-112	20306.0	10347.0
-111	20317.0	10623.0
-110	20028.0	10770.0
-109	19647.0	10679.0
-108	20033.0	10790.0
-107	20325.0	10644.0
-106	20463.0	10907.0
-105	20819.0	11094.0
-104	21079.0	10596.0
-103	21520.0	10397.0
-102	22366.0	10506.0
-101	22405.0	10505.0
-100	22661.0	10510.0
-99	22677.0	10668.0
-98	22247.0	11377.0
-97	22282.0	11289.0
-96	22030.0	11263.0
-95	22034.0	11115.0
-94	22203.0	11104.0
-93	22519.0	10708.0
-92	22305.0	10694.0
-91	23237.0	10870.0
-90	23067.0	10736.0
-89	22835.0	10925.0
-88	22971.0	11091.0
-87	23096.0	11366.0
-86	23203.0	11728.0
-85	22559.0	12180.0
-84	22276.0	11846.0
-83	21807.0	11846.0
-82	21790.0	12214.0
-81	21822.0	12354.0
-80	21950.0	12437.0
-79	21414.0	12305.0
-78	21679.0	12089.0
-77	21441.0	11718.0
-76	20690.0	11474.0
-75	20543.0	11614.0
-74	20142.0	11691.0
-73	19631.0	11919.0
-72	19777.0	12005.0
-71	19532.0	12263.0
-70	19480.0	12199.0
-69	19697.0	11824.0
-68	19295.0	11669.0
-67	19930.0	11587.0
-66	20400.0	11878.0
-65	20267.0	12305.0
-64	20545.0	12280.0
-63	20873.0	12553.0
-62	21037.0	12640.0
-61	21613.0	13184.0
-60	21472.0	13663.0
-59	21758.0	13662.0
-58	22129.0	13778.0
-57	22351.0	13117.0
-56	22477.0	13348.0
-55	22721.0	13212.0
-54	22957.0	12946.0
-53	22998.0	12627.0
-52	22768.0	12379.0
-51	22662.0	12278.0
-50	22155.0	11762.0
-49	22301.0	11804.0
-48	22474.0	11587.0
-47	23423.0	12237.0
-46	23044.0	12379.0
-45	22749.0	12260.0
-44	22447.0	12630.0
-43	22617.0	12585.0
-42	22967.0	12925.0
-41	22853.0	12578.0
-40	23538.0	12393.0
-39	24500.0	12352.0
-38	24922.0	12098.0
-37	25395.0	12362.0
-36	25728.0	12119.0
-35	25463.0	12099.0
-34	25446.0	11889.0
-33	25392.0	11976.0
-32	24841.0	12153.0
-31	25273.0	11822.0
-30	25790.0	12040.0
-29	26072.0	11953.0
-28	26814.0	11998.0
-27	26596.0	12520.0
-26	26706.0	12583.0
-25	27405.0	12572.0
-24	28322.0	12848.0
-23	28026.0	13027.0
-22	28390.0	13221.0
-21	28905.0	13163.0
-20	29314.0	13210.0
-19	29310.0	13179.0
-18	30410.0	13244.0
-17	31036.0	13754.0
-16	33068.0	13409.0
-15	35050.0	13239.0
-14	37250.0	12572.0
-13	39467.0	12551.0
-12	42666.0	12594.0
-11	45924.0	13017.0
-10	49881.0	13216.0
-9	54218.0	12756.0
-8	59443.0	13095.0
-7	67047.0	13284.0
-6	74653.0	14607.0
-5	84507.0	15408.0
-4	95511.0	15470.0
-3	112448.0	15954.0
-2	134513.0	12060.0
-1	165073.0	12119.0
0	255474.0	12747.0
1	211012.0	13139.0
2	182167.0	13249.0
3	157554.0	12361.0
4	139506.0	11529.0
5	132332.0	11062.0
6	118142.0	11237.0
7	109884.0	11624.0
8	99012.0	11655.0
9	92753.0	13508.0
10	88727.0	11285.0
11	82812.0	11808.0
12	79893.0	12850.0
13	75275.0	14152.0
14	72855.0	16035.0
15	69856.0	17445.0
16	66397.0	19160.0
17	64511.0	21865.0
18	62298.0	24339.0
19	60051.0	26741.0
20	58956.0	28520.0
21	57650.0	28953.0
22	55778.0	29088.0
23	54096.0	29767.0
24	52605.0	29834.0
25	51534.0	29662.0
26	50730.0	28561.0
27	50584.0	28027.0
28	49696.0	26955.0
29	47997.0	26183.0
30	47708.0	25805.0
31	47984.0	25476.0
32	48533.0	24502.0
33	48572.0	23822.0
34	48840.0	23320.0
35	47625.0	23224.0
36	47738.0	22924.0
37	46678.0	22190.0
38	46883.0	22021.0
39	46067.0	22151.0
40	45482.0	21790.0
41	45903.0	21590.0
42	45422.0	21575.0
43	44613.0	21615.0
44	43846.0	21570.0
45	43877.0	21026.0
46	43257.0	20811.0
47	43462.0	19988.0
48	42765.0	20078.0
49	42365.0	19579.0
50	42476.0	19541.0
51	43137.0	19743.0
52	42946.0	20001.0
53	43792.0	20143.0
54	44667.0	20037.0
55	44123.0	20438.0
56	42511.0	20812.0
57	42293.0	21188.0
58	41251.0	21197.0
59	40087.0	21286.0
60	40136.0	19904.0
61	40926.0	19558.0
62	39305.0	19128.0
63	38619.0	19618.0
64	38686.0	19655.0
65	37577.0	19354.0
66	37515.0	19452.0
67	37953.0	19045.0
68	38176.0	19154.0
69	37999.0	19397.0
70	38584.0	18904.0
71	39124.0	19000.0
72	38513.0	19066.0
73	38300.0	18719.0
74	37751.0	19051.0
75	37887.0	19394.0
76	37423.0	19651.0
77	36886.0	19931.0
78	37098.0	19804.0
79	36684.0	19897.0
80	35911.0	19499.0
81	35764.0	19148.0
82	34819.0	17950.0
83	35220.0	17757.0
84	35209.0	17485.0
85	34343.0	16783.0
86	34539.0	16498.0
87	34941.0	15534.0
88	35967.0	15165.0
89	35356.0	15236.0
90	35549.0	15640.0
91	35249.0	15457.0
92	35558.0	14837.0
93	36414.0	14226.0
94	37501.0	13912.0
95	37342.0	13732.0
96	37630.0	13612.0
97	37159.0	13384.0
98	37882.0	13278.0
99	38416.0	12846.0
100	37118.0	12709.0
101	38180.0	12298.0
102	38594.0	12364.0
103	39214.0	12490.0
104	39331.0	12593.0
105	38224.0	12409.0
106	38270.0	12130.0
107	38554.0	11815.0
108	38408.0	12126.0
109	38423.0	12528.0
110	38409.0	12455.0
111	38244.0	12380.0
112	36780.0	12370.0
113	36468.0	12154.0
114	35562.0	12008.0
115	34858.0	12094.0
116	35223.0	12145.0
117	34888.0	12461.0
118	34561.0	12038.0
119	34800.0	11744.0
120	35282.0	11873.0
121	35247.0	11983.0
122	34984.0	12114.0
123	34457.0	12054.0
124	34272.0	12051.0
125	34785.0	11587.0
126	34952.0	12065.0
127	34726.0	11747.0
128	33977.0	11971.0
129	33184.0	11395.0
130	33332.0	11368.0
131	32600.0	11090.0
132	32238.0	11142.0
133	31465.0	11183.0
134	32088.0	11357.0
135	32380.0	10981.0
136	32408.0	11200.0
137	32310.0	11139.0
138	32777.0	10999.0
139	32577.0	11349.0
140	32782.0	11590.0
141	32443.0	11235.0
142	31846.0	11243.0
143	31304.0	11450.0
144	31176.0	11345.0
145	31974.0	11245.0
146	32135.0	11474.0
147	31943.0	11333.0
148	31868.0	11417.0
149	32585.0	11264.0
150	34671.0	11563.0
151	34445.0	11998.0
152	34670.0	12299.0
153	33833.0	12291.0
154	33856.0	12710.0
155	33520.0	12330.0
156	33147.0	12370.0
157	32311.0	12666.0
158	32519.0	12839.0
159	32210.0	12695.0
160	31649.0	12336.0
161	31541.0	12738.0
162	31963.0	12821.0
163	32427.0	13003.0
164	32493.0	13112.0
165	32372.0	13258.0
166	31830.0	13375.0
167	30789.0	13220.0
168	30662.0	13086.0
169	31489.0	13203.0
170	30636.0	13455.0
171	29865.0	13112.0
172	30304.0	12789.0
173	30282.0	13006.0
174	31239.0	12701.0
175	30593.0	13401.0
176	30365.0	13813.0
177	30329.0	14103.0
178	30403.0	13944.0
179	30704.0	14014.0
180	30079.0	13332.0
181	30464.0	13260.0
182	30539.0	13155.0
183	31355.0	12696.0
184	30421.0	12700.0
185	30408.0	12729.0
186	30340.0	12809.0
187	30901.0	13096.0
188	30977.0	12879.0
189	31718.0	12796.0
190	31538.0	12905.0
191	31059.0	12884.0
192	30393.0	13055.0
193	29935.0	12840.0
194	30906.0	12458.0
195	30482.0	12924.0
196	30920.0	12424.0
197	30236.0	12903.0
198	30199.0	12864.0
199	31260.0	13179.0
200	31048.0	13432.0
201	31062.0	13361.0
202	31121.0	13224.0
203	31036.0	12675.0
204	31941.0	12085.0
205	32161.0	11473.0
206	32004.0	11060.0
207	32341.0	10876.0
208	31944.0	10949.0
209	31130.0	10884.0
210	31050.0	10493.0
211	31189.0	10244.0
212	29702.0	10610.0
213	29632.0	10750.0
214	30083.0	10801.0
215	29743.0	11139.0
216	29499.0	11323.0
217	30000.0	11472.0
218	29976.0	11671.0
219	29743.0	11600.0
220	30395.0	11438.0
221	30462.0	11823.0
222	31513.0	11706.0
223	31599.0	11707.0
224	30993.0	11790.0
225	31924.0	11668.0
226	31191.0	11880.0
227	30747.0	11697.0
228	30691.0	11659.0
229	29721.0	11940.0
230	30563.0	11477.0
231	30313.0	11726.0
232	29392.0	11149.0
233	29287.0	11582.0
234	28201.0	11831.0
235	28089.0	11326.0
236	27920.0	11644.0
237	27688.0	11813.0
238	27309.0	11758.0
239	26688.0	11597.0
240	27230.0	11207.0
241	27341.0	11028.0
242	27426.0	11066.0
243	27037.0	11277.0
244	27018.0	11101.0
245	26714.0	10987.0
246	27286.0	10767.0
247	27461.0	10600.0
248	27386.0	10369.0
249	27395.0	10769.0
250	27225.0	10813.0
251	27364.0	10713.0
252	27248.0	10951.0
253	27347.0	11042.0
254	26823.0	11252.0
255	26857.0	11709.0
256	27220.0	11433.0
257	26644.0	11233.0
258	26971.0	11168.0
259	26944.0	11063.0
260	26611.0	10983.0
261	26930.0	11180.0
262	27126.0	11072.0
263	27575.0	11068.0
264	28259.0	11018.0
265	27732.0	11019.0
266	27910.0	10987.0
267	27890.0	10850.0
268	28222.0	10586.0
269	27613.0	10553.0
270	27536.0	10546.0
271	27186.0	10408.0
272	26728.0	10311.0
273	27542.0	10660.0
274	27456.0	10392.0
275	27944.0	10321.0
276	28402.0	10237.0
277	28132.0	10211.0
278	28580.0	10515.0
279	28322.0	10385.0
280	27872.0	10240.0
281	28505.0	10049.0
282	28799.0	10026.0
283	28681.0	9867.0
284	28013.0	9708.0
285	27447.0	9596.0
286	26761.0	9510.0
287	26789.0	9599.0
288	26441.0	9865.0
289	26755.0	10002.0
290	26500.0	10113.0
291	26267.0	9769.0
292	26195.0	9680.0
293	25720.0	9700.0
294	25799.0	9787.0
295	26218.0	9907.0
296	25770.0	9845.0
297	26532.0	10293.0
298	26578.0	10475.0
299	26890.0	10573.0
300	26608.0	11062.0
301	27097.0	10976.0
302	27150.0	11297.0
303	27944.0	11400.0
304	27447.0	11345.0
305	27743.0	11492.0
306	27944.0	11314.0
307	28288.0	11197.0
308	28605.0	10935.0
309	29015.0	10912.0
310	29993.0	11027.0
311	30696.0	11054.0
312	30633.0	11305.0
313	30476.0	10792.0
314	30581.0	10824.0
315	30756.0	10819.0
316	31510.0	10790.0
317	31937.0	10503.0
318	31604.0	10280.0
319	32397.0	10398.0
320	31847.0	10469.0
321	31836.0	10650.0
322	30909.0	10758.0
323	30825.0	10926.0
324	30450.0	10797.0
325	30050.0	11039.0
326	30296.0	10736.0
327	28828.0	10926.0
328	29230.0	10857.0
329	29965.0	10549.0
330	29134.0	10367.0
331	29216.0	10188.0
332	28384.0	10166.0
333	28977.0	9940.0
334	29392.0	9814.0
335	28496.0	10011.0
336	28530.0	10317.0
337	27810.0	10231.0
338	28429.0	10490.0
339	28878.0	10664.0
340	27955.0	11207.0
341	28365.0	11025.0
342	27723.0	11289.0
343	27599.0	11282.0
344	27567.0	10835.0
345	26697.0	11183.0
346	27204.0	10855.0
347	27373.0	11112.0
348	27975.0	11084.0
349	27668.0	11428.0
350	28030.0	11288.0
351	27721.0	11643.0
352	28148.0	11596.0
353	27978.0	11837.0
354	28120.0	11981.0
355	27908.0	12193.0
356	28248.0	12319.0
357	28255.0	12239.0
358	28255.0	12275.0
359	28577.0	12541.0
360	28539.0	12298.0
361	28607.0	12625.0
362	28329.0	13033.0
363	27527.0	12720.0
364	27310.0	12563.0
365	26898.0	12780.0
366	26223.0	12643.0
367	25258.0	12523.0
368	25997.0	12159.0
369	25276.0	12377.0
370	24882.0	12041.0
371	24926.0	11762.0
372	24788.0	11910.0
373	24763.0	11621.0
374	23978.0	11430.0
375	23570.0	11504.0
376	23182.0	11175.0
377	24077.0	11346.0
378	24044.0	11226.0
379	23988.0	10995.0
380	23631.0	10994.0
381	23709.0	11046.0
382	24158.0	10823.0
383	23854.0	11360.0
384	23708.0	11144.0
385	23427.0	11165.0
386	23793.0	11538.0
387	23258.0	11594.0
388	23301.0	11417.0
389	23655.0	11156.0
390	23560.0	11070.0
391	23482.0	11263.0
392	22603.0	10886.0
393	22849.0	10531.0
394	22926.0	10527.0
395	22850.0	10301.0
396	22857.0	9964.0
397	22427.0	10090.0
398	22761.0	9926.0
399	22754.0	9890.0
400	22987.0	10177.0
401	22997.0	10177.0
402	22503.0	9982.0
403	23097.0	10011.0
404	22629.0	10264.0
405	22721.0	10277.0
406	23382.0	10703.0
407	23180.0	11024.0
408	23022.0	11244.0
409	23825.0	11055.0
410	23843.0	10669.0
411	24860.0	10299.0
412	24179.0	10238.0
413	24642.0	9822.0
414	24867.0	9839.0
415	24509.0	9602.0
416	24405.0	9862.0
417	24502.0	9424.0
418	24463.0	9628.0
419	24563.0	9593.0
420	24249.0	9419.0
421	23992.0	9157.0
422	23849.0	9324.0
423	23716.0	9347.0
424	23239.0	9564.0
425	23759.0	9411.0
426	23520.0	9853.0
427	23665.0	9303.0
428	23938.0	9261.0
429	23935.0	9470.0
430	24039.0	9696.0
431	24492.0	9689.0
432	24606.0	9835.0
433	24798.0	9649.0
434	24861.0	10142.0
435	24240.0	9933.0
436	24252.0	9751.0
437	24578.0	9685.0
438	24414.0	9659.0
439	24337.0	9475.0
440	23923.0	9684.0
441	23635.0	9795.0
442	23059.0	9820.0
443	22827.0	9884.0
444	23288.0	10116.0
445	22911.0	10429.0
446	22744.0	10494.0
447	22449.0	10440.0
448	21928.0	10507.0
449	22527.0	10192.0
450	22723.0	10408.0
451	22848.0	10226.0
452	23149.0	10131.0
453	22651.0	10654.0
454	22635.0	10372.0
455	22566.0	10453.0
456	22533.0	10337.0
457	23304.0	10004.0
458	23522.0	10165.0
459	23781.0	10452.0
460	24273.0	10904.0
461	25007.0	10824.0
462	24660.0	10324.0
463	24178.0	10252.0
464	24385.0	10678.0
465	24425.0	10743.0
466	23923.0	10528.0
467	24324.0	10434.0
468	23447.0	10299.0
469	23381.0	10224.0
470	22818.0	9987.0
471	22625.0	10071.0
472	22720.0	10146.0
473	21337.0	9737.0
474	21335.0	9717.0
475	20793.0	9876.0
476	21205.0	10149.0
477	20947.0	10180.0
478	21279.0	10444.0
479	20999.0	10431.0
480	20886.0	10197.0
481	20765.0	10116.0
482	20780.0	10019.0
483	20839.0	9917.0
484	21239.0	9924.0
485	20468.0	9521.0
486	20607.0	9420.0
487	19962.0	9605.0
488	20397.0	9624.0
489	20778.0	9292.0
490	20657.0	9410.0
491	20342.0	9569.0
492	20231.0	9878.0
493	19990.0	10234.0
494	19768.0	10207.0
495	19646.0	10308.0
496	19433.0	10460.0
497	19978.0	10394.0
498	19372.0	10613.0
499	19421.0	10682.0
500	19984.0	10512.0
501	19102.0	10620.0
502	19373.0	10169.0
503	19615.0	10396.0
504	19771.0	10722.0
505	19584.0	11014.0
506	19797.0	10752.0
507	19624.0	10881.0
508	19349.0	11116.0
509	19313.0	11054.0
510	19538.0	10866.0
511	19479.0	10963.0
512	19725.0	10669.0
513	19263.0	10217.0
514	19105.0	10221.0
515	19416.0	9925.0
516	19138.0	9962.0
517	19402.0	9944.0
518	19059.0	9835.0
519	18907.0	9800.0
520	19104.0	9570.0
521	18913.0	9629.0
522	18762.0	9803.0
523	18944.0	9806.0
524	18679.0	9686.0
525	19467.0	10144.0
526	18795.0	10084.0
527	18372.0	10148.0
528	18643.0	10374.0
529	18706.0	10327.0
530	19926.0	10335.0
531	19966.0	10469.0
532	19588.0	10657.0
533	19858.0	10472.0
534	19512.0	10557.0
535	19792.0	10507.0
536	19663.0	10743.0
537	20096.0	10758.0
538	20470.0	10305.0
539	20530.0	10393.0
540	20671.0	10479.0
541	20050.0	9828.0
542	20882.0	9819.0
543	20661.0	9576.0
544	20874.0	9486.0
545	21153.0	9729.0
546	20709.0	9944.0
547	20236.0	9920.0
548	20244.0	9636.0
549	20598.0	9458.0
550	20796.0	9571.0
551	20741.0	9475.0
552	20555.0	9434.0
553	20283.0	9384.0
554	20822.0	9338.0
555	20577.0	9244.0
556	20382.0	9325.0
557	20063.0	9091.0
558	20113.0	9268.0
559	20460.0	9533.0
560	20533.0	9513.0
561	21191.0	9555.0
562	21194.0	9231.0
563	21430.0	8981.0
564	21874.0	9163.0
565	21708.0	8980.0
566	21641.0	9501.0
567	21479.0	9320.0
568	20892.0	9744.0
569	20951.0	9347.0
570	21001.0	9584.0
571	20461.0	9475.0
572	20121.0	9685.0
573	20294.0	10003.0
574	20108.0	9567.0
575	20702.0	9328.0
576	20223.0	9408.0
577	20924.0	9240.0
578	21679.0	9091.0
579	20937.0	9159.0
580	21066.0	9009.0
581	21514.0	8262.0
582	21825.0	8245.0
583	21707.0	8215.0
584	21252.0	7964.0
585	21345.0	7902.0
586	21767.0	7995.0
587	20946.0	7768.0
588	21246.0	8058.0
589	20908.0	8026.0
590	21267.0	8312.0
591	21677.0	8061.0
592	21463.0	8483.0
593	22114.0	8586.0
594	21271.0	8666.0
595	21682.0	8635.0
596	20436.0	8577.0
597	20196.0	8668.0
598	20499.0	8394.0
599	20185.0	8179.0
600	20368.0	8358.0
601	19994.0	8530.0
602	20353.0	8564.0
603	19732.0	8815.0
604	19721.0	8882.0
605	19477.0	9029.0
606	19558.0	8953.0
607	19270.0	8491.0
608	19010.0	8371.0
609	19232.0	8496.0
610	19234.0	8482.0
611	19696.0	8489.0
612	19684.0	8610.0
613	19095.0	8775.0
614	19125.0	9041.0
615	19024.0	8778.0
616	19369.0	8431.0
617	19380.0	8514.0
618	19314.0	8518.0
619	18878.0	8412.0
620	18904.0	8603.0
621	19111.0	8597.0
622	19425.0	8690.0
623	19551.0	8800.0
624	18673.0	8826.0
625	18934.0	9068.0
626	19094.0	9115.0
627	19663.0	9327.0
628	19435.0	9515.0
629	19053.0	9676.0
630	19300.0	10018.0
631	19225.0	9934.0
632	19265.0	9920.0
633	19724.0	9796.0
634	20005.0	9591.0
635	19806.0	9248.0
636	20014.0	9081.0
637	19857.0	8725.0
638	19529.0	8626.0
639	19512.0	8485.0
640	19961.0	8384.0
641	20174.0	8608.0
642	19902.0	8400.0
643	19692.0	8044.0
644	19507.0	7918.0
645	19832.0	8013.0
646	19572.0	7889.0
647	19546.0	8267.0
648	19735.0	8324.0
649	19897.0	8532.0
650	19819.0	8783.0
651	19905.0	8639.0
652	19988.0	8804.0
653	19479.0	8961.0
654	20292.0	9516.0
655	20378.0	9587.0
656	21013.0	9954.0
657	20941.0	9718.0
658	20789.0	9779.0
659	20794.0	9653.0
660	20909.0	9229.0
661	21033.0	9236.0
662	20956.0	9217.0
663	21487.0	9089.0
664	21117.0	9284.0
665	21365.0	9408.0
666	20894.0	9235.0
667	20690.0	9480.0
668	20885.0	9563.0
669	20718.0	9399.0
670	21226.0	9385.0
671	21381.0	9125.0
672	21294.0	8800.0
673	20989.0	8216.0
674	21210.0	8212.0
675	21039.0	8000.0
676	20715.0	7983.0
677	21401.0	8237.0
678	21060.0	8478.0
679	20861.0	8011.0
680	21288.0	8231.0
681	21091.0	8100.0
682	21023.0	8071.0
683	21336.0	8283.0
684	21002.0	8653.0
685	21365.0	8539.0
686	20139.0	8364.0
687	19855.0	8352.0
688	20303.0	8355.0
689	20073.0	8227.0
690	20751.0	8004.0
691	19820.0	7995.0
692	20035.0	7857.0
693	20025.0	7897.0
694	19762.0	7998.0
695	19239.0	8029.0
696	18854.0	8196.0
697	18996.0	8090.0
698	18614.0	8154.0
699	18628.0	8052.0
700	18261.0	8218.0
701	18209.0	8016.0
702	17919.0	8225.0
703	17613.0	8312.0
704	17583.0	8259.0
705	17986.0	8170.0
706	18362.0	8304.0
707	18644.0	8004.0
708	18705.0	8041.0
709	18751.0	7781.0
710	19248.0	7820.0
711	19913.0	7650.0
712	19491.0	7657.0
713	18898.0	7794.0
714	18700.0	7952.0
715	19600.0	7844.0
716	19198.0	8263.0
717	18864.0	8249.0
718	18187.0	8277.0
719	18019.0	8785.0
720	18203.0	8833.0
721	17842.0	8417.0
722	18116.0	8768.0
723	17677.0	8764.0
724	18414.0	8583.0
725	18816.0	8858.0
726	18595.0	8897.0
727	19689.0	8906.0
728	19797.0	8963.0
729	20435.0	8911.0
730	20364.0	8817.0
731	20527.0	9043.0
732	20251.0	8860.0
733	19695.0	8518.0
734	19596.0	8748.0
735	19733.0	8565.0
736	19294.0	8494.0
737	19556.0	8519.0
738	19930.0	8419.0
739	19906.0	8514.0
740	19937.0	8398.0
741	19697.0	8465.0
742	20379.0	8731.0
743	20207.0	8557.0
744	19776.0	8445.0
745	19985.0	8307.0
746	19708.0	8545.0
747	19709.0	8316.0
748	19567.0	8399.0
749	19162.0	8157.0
750	19047.0	8151.0
751	19078.0	8326.0
752	19277.0	8394.0
753	19484.0	8423.0
754	18571.0	8539.0
755	18591.0	8930.0
756	18116.0	9239.0
757	17596.0	9093.0
758	17787.0	8914.0
759	17493.0	8575.0
760	17256.0	8540.0
761	17702.0	8416.0
762	17385.0	8252.0
763	17355.0	8373.0
764	17316.0	8699.0
765	16957.0	8551.0
766	17358.0	8323.0
767	17466.0	8429.0
768	18075.0	8434.0
769	17807.0	8437.0
770	18203.0	8801.0
771	18575.0	8802.0
772	18969.0	8955.0
773	19220.0	8930.0
774	19073.0	8681.0
775	19056.0	8558.0
776	18876.0	8587.0
777	19405.0	8679.0
778	19837.0	8559.0
779	19336.0	8759.0
780	19044.0	8621.0
781	18766.0	8672.0
782	18236.0	8429.0
783	18275.0	8398.0
784	18315.0	8271.0
785	18124.0	8294.0
786	18301.0	8368.0
787	18326.0	8442.0
788	18352.0	8214.0
789	18499.0	8171.0
790	18845.0	8074.0
791	18444.0	7885.0
792	18747.0	7783.0
793	18427.0	7684.0
794	18194.0	7469.0
795	18480.0	7350.0
796	18836.0	7291.0
797	18832.0	7416.0
798	18477.0	7554.0
799	18409.0	7322.0
800	18376.0	7569.0
801	18582.0	7724.0
802	17940.0	7632.0
803	18486.0	7727.0
804	18100.0	7450.0
805	18438.0	7661.0
806	18470.0	7626.0
807	18117.0	7718.0
808	17736.0	7655.0
809	17970.0	7796.0
810	17903.0	7414.0
811	17527.0	7710.0
812	17881.0	7729.0
813	18678.0	7744.0
814	18662.0	7696.0
815	18394.0	7675.0
816	18262.0	7741.0
817	18301.0	7932.0
818	18183.0	7709.0
819	18346.0	7429.0
820	18686.0	7748.0
821	18219.0	7688.0
822	18388.0	7733.0
823	17623.0	7973.0
824	18462.0	7886.0
825	18309.0	7984.0
826	18752.0	7794.0
827	18775.0	7899.0
828	18986.0	7958.0
829	18571.0	7847.0
830	18293.0	7716.0
831	18186.0	7676.0
832	18545.0	7541.0
833	18287.0	7825.0
834	18004.0	7830.0
835	17629.0	7980.0
836	17349.0	7478.0
837	17433.0	7463.0
838	17089.0	7432.0
839	17318.0	7567.0
840	17224.0	7426.0
841	17455.0	7411.0
842	17889.0	7669.0
843	17986.0	7849.0
844	18431.0	7806.0
845	18515.0	7583.0
846	18249.0	7692.0
847	18208.0	7424.0
848	18357.0	7638.0
849	18536.0	7687.0
850	18481.0	7734.0
851	19244.0	8084.0
852	19283.0	7995.0
853	19606.0	7981.0
854	18593.0	8032.0
855	17991.0	8122.0
856	17420.0	8220.0
857	17453.0	8133.0
858	17642.0	7876.0
859	17156.0	7783.0
860	16786.0	8042.0
861	16540.0	8128.0
862	16378.0	7986.0
863	16325.0	8081.0
864	16021.0	7875.0
865	16454.0	7770.0
866	16425.0	7742.0
867	16555.0	7589.0
868	16197.0	7671.0
869	16278.0	7974.0
870	16118.0	8134.0
871	16276.0	8234.0
872	16489.0	8109.0
873	16986.0	8219.0
874	17046.0	8341.0
875	17065.0	8251.0
876	17265.0	8310.0
877	17267.0	8161.0
878	17885.0	7968.0
879	18540.0	7830.0
880	18711.0	7795.0
881	18431.0	7232.0
882	18411.0	7380.0
883	17895.0	7200.0
884	18186.0	7380.0
885	17875.0	7494.0
886	17698.0	7606.0
887	17673.0	7485.0
888	17554.0	7036.0
889	17068.0	6668.0
890	16478.0	6791.0
891	16740.0	7119.0
892	16056.0	6964.0
893	16663.0	7166.0
894	16963.0	7278.0
895	17002.0	7249.0
896	16694.0	7029.0
897	16650.0	6863.0
898	16645.0	7153.0
899	16515.0	7089.0
900	16496.0	7113.0
901	16484.0	7106.0
902	16430.0	6689.0
903	16492.0	6725.0
904	16378.0	6722.0
905	16254.0	6935.0
906	16718.0	7010.0
907	16791.0	6864.0
908	16877.0	7040.0
909	16758.0	7405.0
910	17297.0	7577.0
911	17295.0	7694.0
912	17324.0	7589.0
913	17318.0	7442.0
914	17597.0	7444.0
915	17447.0	7494.0
916	17930.0	7355.0
917	17065.0	7911.0
918	16890.0	7868.0
919	17084.0	7701.0
920	17158.0	7814.0
921	17836.0	7853.0
922	18043.0	7547.0
923	18260.0	7684.0
924	17930.0	7487.0
925	17796.0	7648.0
926	17308.0	7377.0
927	17264.0	7373.0
928	17109.0	7295.0
929	17233.0	7298.0
930	16994.0	7421.0
931	16460.0	7568.0
932	16472.0	7857.0
933	16042.0	7514.0
934	16388.0	7616.0
935	16613.0	7922.0
936	16640.0	7761.0
937	16407.0	8218.0
938	16828.0	8018.0
939	16502.0	7850.0
940	16208.0	7952.0
941	16718.0	7822.0
942	16813.0	7943.0
943	16850.0	7932.0
944	17283.0	7978.0
945	17245.0	7990.0
946	17980.0	8429.0
947	17756.0	8301.0
948	18051.0	8328.0
949	18896.0	7922.0
950	18785.0	7959.0
951	19723.0	7950.0
952	20395.0	7844.0
953	20524.0	7781.0
954	21006.0	7801.0
955	21497.0	7926.0
956	21739.0	7853.0
957	21490.0	8100.0
958	21021.0	8359.0
959	20601.0	8204.0
960	20269.0	8255.0
961	20232.0	8386.0
962	19439.0	8462.0
963	19257.0	8695.0
964	18916.0	8732.0
965	18523.0	8859.0
966	18381.0	8651.0
967	17934.0	8893.0
968	18546.0	8587.0
969	19026.0	8418.0
970	19085.0	8173.0
971	18568.0	8164.0
972	18348.0	8287.0
973	18157.0	8121.0
974	18322.0	7933.0
975	18310.0	8008.0
976	17541.0	7916.0
977	17330.0	8111.0
978	17062.0	8175.0
979	17407.0	8261.0
980	17814.0	7725.0
981	17350.0	7827.0
982	17424.0	7928.0
983	17042.0	8105.0
984	16893.0	8130.0
985	16770.0	8113.0
986	16092.0	8315.0
987	15800.0	7895.0
988	16009.0	8143.0
989	16097.0	8179.0
990	16614.0	8385.0
991	16341.0	8622.0
992	16231.0	8776.0
993	16427.0	8797.0
994	16654.0	8508.0
995	17059.0	8522.0
996	16776.0	8320.0
997	16671.0	7905.0
998	16539.0	7949.0
999	15869.0	7587.0
1000	15350.0	7599.0
1001	15130.0	7606.0
1002	15399.0	7204.0
1003	15674.0	7129.0
1004	15400.0	6911.0
1005	15220.0	7015.0
1006	15809.0	6960.0
1007	16008.0	7107.0
1008	15983.0	7188.0
1009	16349.0	7182.0
1010	15781.0	7202.0
1011	16091.0	7015.0
1012	16292.0	7060.0
1013	16070.0	7222.0
1014	16643.0	7240.0
1015	16153.0	7398.0
1016	16827.0	7706.0
1017	17307.0	7553.0
1018	16826.0	7632.0
1019	17373.0	7511.0
1020	17539.0	7184.0
1021	17230.0	7278.0
1022	17088.0	7216.0
1023	17531.0	7142.0
1024	17106.0	7372.0
1025	17226.0	7370.0
1026	17557.0	7535.0
1027	17394.0	7480.0
1028	17851.0	7619.0
1029	18032.0	7545.0
1030	17700.0	7454.0
1031	17832.0	7523.0
1032	18196.0	7724.0
1033	18745.0	7616.0
1034	18165.0	7752.0
1035	17328.0	7833.0
1036	17112.0	7878.0
1037	16764.0	7576.0
1038	16774.0	7392.0
1039	16472.0	7388.0
1040	16501.0	7456.0
1041	16688.0	7214.0
1042	16772.0	7044.0
1043	16932.0	6820.0
1044	17140.0	6758.0
1045	17186.0	7044.0
1046	16525.0	7497.0
1047	15922.0	7254.0
1048	16061.0	7342.0
1049	16659.0	7524.0
1050	16739.0	7250.0
1051	16065.0	7256.0
1052	15884.0	7241.0
1053	15384.0	7241.0
1054	15869.0	7271.0
1055	15014.0	7349.0
1056	14738.0	7375.0
1057	14455.0	7727.0
1058	14334.0	7485.0
1059	14761.0	7527.0
1060	14580.0	7492.0
1061	14025.0	7471.0
1062	14291.0	7632.0
1063	14437.0	7652.0
1064	13944.0	7677.0
1065	14249.0	7451.0
1066	14043.0	7377.0
1067	14549.0	7182.0
1068	14591.0	7214.0
1069	14767.0	7159.0
1070	15033.0	7083.0
1071	14578.0	7280.0
1072	15171.0	7207.0
1073	14379.0	7172.0
1074	14559.0	7450.0
1075	14124.0	7315.0
1076	13828.0	7285.0
1077	13905.0	7063.0
1078	13466.0	7108.0
1079	12871.0	7392.0
1080	12498.0	7451.0
1081	12084.0	7315.0
1082	12086.0	7332.0
1083	12318.0	7544.0
1084	12474.0	7170.0
1085	12347.0	7381.0
1086	12216.0	7413.0
1087	12214.0	7650.0
1088	12694.0	7522.0
1089	12613.0	7474.0
1090	12334.0	7395.0
1091	12454.0	7355.0
1092	12606.0	7610.0
1093	12583.0	7600.0
1094	12193.0	7635.0
1095	12920.0	7572.0
1096	13174.0	7574.0
1097	13165.0	7715.0
1098	13883.0	7495.0
1099	14255.0	7745.0
1100	13749.0	7528.0
1101	13532.0	7840.0
1102	13065.0	7601.0
1103	12717.0	7839.0
1104	13271.0	7799.0
1105	12751.0	7503.0
1106	13095.0	7761.0
1107	13222.0	7725.0
1108	13783.0	7554.0
1109	14077.0	7777.0
1110	13663.0	7888.0
1111	13698.0	7690.0
1112	13132.0	7698.0
1113	13124.0	7911.0
1114	13227.0	7834.0
1115	13988.0	7411.0
1116	13831.0	7401.0
1117	13921.0	7664.0
1118	13263.0	7571.0
1119	12788.0	7591.0
1120	13320.0	8120.0
1121	13260.0	8001.0
1122	13304.0	8172.0
1123	13310.0	8361.0
1124	13382.0	8307.0
1125	13616.0	8275.0
1126	13979.0	8203.0
1127	13934.0	8012.0
1128	14188.0	8081.0
1129	13453.0	7851.0
1130	13904.0	7887.0
1131	13329.0	7860.0
1132	13239.0	7617.0
1133	13460.0	7840.0
1134	12712.0	7859.0
1135	12708.0	7708.0
1136	12639.0	7796.0
1137	12472.0	8217.0
1138	12457.0	8370.0
1139	12364.0	8464.0
1140	12635.0	8057.0
1141	12776.0	7760.0
1142	13429.0	7457.0
1143	13453.0	7658.0
1144	13909.0	7297.0
1145	13531.0	7473.0
1146	14145.0	7259.0
1147	14132.0	7151.0
1148	13931.0	7130.0
1149	14308.0	7074.0
1150	13642.0	6899.0
1151	13731.0	7195.0
1152	13624.0	7243.0
1153	13843.0	7173.0
1154	13751.0	7464.0
1155	12916.0	7456.0
1156	12888.0	7502.0
1157	12452.0	7380.0
1158	12685.0	7270.0
1159	13281.0	7313.0
1160	13537.0	7329.0
1161	13820.0	7314.0
1162	13458.0	7247.0
1163	13644.0	7402.0
1164	14107.0	7500.0
1165	14650.0	7516.0
1166	14568.0	7666.0
1167	14980.0	7711.0
1168	15357.0	7465.0
1169	15526.0	7257.0
1170	15356.0	7043.0
1171	16156.0	7091.0
1172	15917.0	7121.0
1173	15957.0	7321.0
1174	16016.0	6991.0
1175	15724.0	6660.0
1176	15758.0	6724.0
1177	15592.0	6629.0
1178	15760.0	6673.0
1179	15714.0	6710.0
1180	15468.0	6582.0
1181	15407.0	6569.0
1182	15172.0	6917.0
1183	14782.0	6783.0
1184	14379.0	6826.0
1185	14993.0	6776.0
1186	14662.0	6921.0
1187	14483.0	6948.0
1188	13774.0	7092.0
1189	13326.0	7304.0
1190	13856.0	7556.0
1191	13416.0	7280.0
1192	13509.0	7117.0
1193	13539.0	7195.0
1194	12957.0	6807.0
1195	13388.0	6855.0
1196	13221.0	6996.0
1197	13483.0	6619.0
1198	13732.0	6678.0
1199	14013.0	6662.0
1200	14156.0	6760.0
1201	14157.0	6443.0
1202	14568.0	6603.0
1203	14758.0	6711.0
1204	14822.0	6611.0
1205	15304.0	6577.0
1206	15183.0	6638.0
1207	15120.0	6540.0
1208	14875.0	6520.0
1209	14810.0	6494.0
1210	14906.0	6543.0
1211	14432.0	6781.0
1212	14313.0	6495.0
1213	14331.0	6545.0
1214	14370.0	6341.0
1215	14296.0	6675.0
1216	14005.0	6921.0
1217	13917.0	6728.0
1218	14096.0	6651.0
1219	13843.0	6507.0
1220	14764.0	6508.0
1221	14315.0	6253.0
1222	14189.0	6513.0
1223	13775.0	6707.0
1224	13418.0	6817.0
1225	13397.0	6724.0
1226	13380.0	6789.0
1227	13357.0	6833.0
1228	13548.0	7126.0
1229	12839.0	7001.0
1230	12670.0	6813.0
1231	12691.0	6985.0
1232	12597.0	7180.0
1233	12955.0	6951.0
1234	13166.0	7271.0
1235	13179.0	7318.0
1236	12853.0	7351.0
1237	13219.0	7732.0
1238	12930.0	7750.0
1239	13036.0	7611.0
1240	12972.0	7693.0
1241	12955.0	7315.0
1242	12977.0	7666.0
1243	12443.0	7447.0
1244	12415.0	7635.0
1245	12650.0	7414.0
1246	12357.0	7641.0
1247	12375.0	7551.0
1248	12435.0	7437.0
1249	12483.0	7631.0
1250	12448.0	7321.0
1251	12390.0	7026.0
1252	12763.0	6922.0
1253	12908.0	6784.0
1254	13093.0	6799.0
1255	12654.0	7092.0
1256	12202.0	6845.0
1257	12456.0	7079.0
1258	12194.0	6998.0
1259	12445.0	7115.0
1260	12458.0	6999.0
1261	11904.0	7118.0
1262	12216.0	6981.0
1263	12086.0	6929.0
1264	11989.0	6853.0
1265	11921.0	6823.0
1266	12347.0	6549.0
1267	12318.0	6451.0
1268	12280.0	6256.0
1269	12194.0	6433.0
1270	12236.0	6558.0
1271	12607.0	6404.0
1272	12785.0	6509.0
1273	13443.0	6487.0
1274	13400.0	6407.0
1275	13523.0	6661.0
1276	13929.0	6726.0
1277	13605.0	6967.0
1278	13539.0	6997.0
1279	13717.0	7085.0
1280	14316.0	6962.0
1281	14406.0	7012.0
1282	14442.0	7115.0
1283	14811.0	7162.0
1284	14782.0	7453.0
1285	15660.0	7523.0
1286	15468.0	7702.0
1287	15682.0	7880.0
1288	15773.0	7880.0
1289	16134.0	7856.0
1290	16288.0	8301.0
1291	15770.0	8000.0
1292	15830.0	8010.0
1293	15841.0	8172.0
1294	15153.0	7854.0
1295	14763.0	7866.0
1296	14375.0	7856.0
1297	13967.0	7888.0
1298	13911.0	7493.0
1299	13704.0	7062.0
1300	13519.0	7098.0
1301	13121.0	7027.0
1302	12701.0	6693.0
1303	12897.0	6830.0
1304	12845.0	6605.0
1305	13070.0	6965.0
1306	13131.0	6898.0
1307	13133.0	6908.0
1308	12722.0	6914.0
1309	12909.0	7107.0
1310	12792.0	7255.0
1311	13261.0	7225.0
1312	13552.0	7428.0
1313	13315.0	7305.0
1314	12976.0	7505.0
1315	12961.0	7633.0
1316	13155.0	7468.0
1317	12492.0	7378.0
1318	12420.0	7412.0
1319	12049.0	7310.0
1320	11745.0	7083.0
1321	11784.0	7238.0
1322	11932.0	7290.0
1323	11666.0	7113.0
1324	11615.0	7037.0
1325	11721.0	7231.0
1326	11648.0	7284.0
1327	11885.0	7156.0
1328	12147.0	6998.0
1329	12218.0	6864.0
1330	11974.0	6918.0
1331	12319.0	7173.0
1332	12357.0	7097.0
1333	12385.0	7228.0
1334	13036.0	6905.0
1335	12782.0	6917.0
1336	12663.0	6931.0
1337	12828.0	6909.0
1338	12987.0	6885.0
1339	12852.0	6768.0
1340	13138.0	6967.0
1341	14010.0	6998.0
1342	14374.0	7009.0
1343	14289.0	6948.0
1344	13791.0	7002.0
1345	13266.0	7013.0
1346	13504.0	7112.0
1347	12992.0	7183.0
1348	13323.0	6947.0
1349	12841.0	6963.0
1350	13202.0	6926.0
1351	12472.0	6859.0
1352	12874.0	7056.0
1353	12676.0	6675.0
1354	12615.0	6853.0
1355	12702.0	6746.0
1356	12545.0	6698.0
1357	12310.0	6749.0
1358	12140.0	6800.0
1359	11934.0	6962.0
1360	11890.0	7129.0
1361	11645.0	7301.0
1362	11924.0	7808.0
1363	12319.0	7489.0
1364	11820.0	7352.0
1365	11988.0	7618.0
1366	11606.0	7689.0
1367	11380.0	7724.0
1368	11560.0	7503.0
1369	11555.0	7847.0
1370	11543.0	7814.0
1371	11833.0	7766.0
1372	11513.0	7954.0
1373	11072.0	7833.0
1374	10891.0	7692.0
1375	11134.0	7693.0
1376	11209.0	7784.0
1377	11119.0	7711.0
1378	10931.0	8014.0
1379	10843.0	8129.0
1380	11099.0	8142.0
1381	11075.0	8064.0
1382	11204.0	7939.0
1383	11267.0	7290.0
1384	11699.0	7502.0
1385	11575.0	7569.0
1386	11578.0	7364.0
1387	10971.0	7259.0
1388	11086.0	7287.0
1389	11004.0	7393.0
1390	10952.0	7502.0
1391	10902.0	7386.0
1392	11088.0	7226.0
1393	10967.0	7267.0
1394	11062.0	7542.0
1395	11165.0	7338.0
1396	11001.0	7431.0
1397	10442.0	7194.0
1398	10570.0	7273.0
1399	10331.0	7324.0
1400	10610.0	7652.0
1401	10478.0	7620.0
1402	10544.0	7742.0
1403	10528.0	7668.0
1404	10364.0	7600.0
1405	10316.0	7702.0
1406	10691.0	7525.0
1407	10338.0	7656.0
1408	10205.0	7641.0
1409	10542.0	7789.0
1410	10861.0	7478.0
1411	11305.0	7519.0
1412	11118.0	7657.0
1413	10869.0	7668.0
1414	11031.0	7815.0
1415	11215.0	7769.0
1416	11814.0	7659.0
1417	12022.0	7529.0
1418	12453.0	7510.0
1419	12767.0	7529.0
1420	13093.0	7681.0
1421	12469.0	7607.0
1422	12966.0	7834.0
1423	12617.0	7517.0
1424	12161.0	7309.0
1425	12314.0	7057.0
1426	12050.0	6891.0
1427	12124.0	6926.0
1428	11560.0	6661.0
1429	11705.0	6672.0
1430	11964.0	6807.0
1431	12111.0	6775.0
1432	12447.0	6926.0
1433	11734.0	6953.0
1434	11580.0	7080.0
1435	11268.0	6916.0
1436	12154.0	7282.0
1437	12058.0	7423.0
1438	11875.0	7481.0
1439	11830.0	7540.0
1440	11726.0	7647.0
1441	11416.0	8032.0
1442	11133.0	7928.0
1443	11022.0	8109.0
1444	11657.0	8229.0
1445	11038.0	8553.0
1446	11038.0	8695.0
1447	11127.0	8697.0
1448	11491.0	8651.0
1449	11636.0	8710.0
1450	11665.0	8832.0
1451	11817.0	8719.0
1452	11612.0	8363.0
1453	11521.0	7911.0
1454	11490.0	7938.0
1455	11168.0	8026.0
1456	11262.0	8029.0
1457	11186.0	7952.0
1458	10723.0	7560.0
1459	10650.0	7716.0
1460	10606.0	7801.0
1461	10687.0	7816.0
1462	10271.0	7599.0
1463	10131.0	7553.0
1464	10272.0	7430.0
1465	9759.0	7806.0
1466	9842.0	7726.0
1467	9394.0	7371.0
1468	9686.0	7402.0
1469	10024.0	7209.0
1470	10187.0	7028.0
1471	10445.0	7032.0
1472	10184.0	6878.0
1473	10027.0	6636.0
1474	9699.0	6537.0
1475	9749.0	6593.0
1476	9661.0	6267.0
1477	9988.0	5980.0
1478	9788.0	6085.0
1479	9663.0	6113.0
1480	9740.0	6364.0
1481	9224.0	6379.0
1482	9436.0	6438.0
1483	9264.0	6561.0
1484	9296.0	6468.0
1485	9093.0	6577.0
1486	9127.0	6877.0
1487	9183.0	6794.0
1488	9141.0	6835.0
1489	9222.0	6963.0
1490	9580.0	6817.0
1491	9315.0	7312.0
1492	8889.0	7342.0
1493	9284.0	7190.0
1494	9200.0	6929.0
1495	9527.0	7058.0
1496	9336.0	7221.0
1497	9331.0	7222.0
1498	9161.0	7171.0
1499	8917.0	7259.0
1500	9229.0	7045.0
1501	9056.0	7217.0
1502	9122.0	6899.0
1503	9373.0	7062.0
1504	9242.0	6848.0
1505	9405.0	6808.0
1506	9306.0	6665.0
1507	9545.0	6699.0
1508	9464.0	6830.0
1509	9168.0	6697.0
1510	9023.0	6248.0
1511	9477.0	6142.0
1512	9269.0	5986.0
1513	9265.0	6155.0
1514	9596.0	6419.0
1515	9939.0	6442.0
1516	10105.0	6533.0
1517	10247.0	6530.0
1518	10383.0	6429.0
1519	10477.0	6484.0
1520	10400.0	6237.0
1521	10414.0	6520.0
1522	10197.0	6726.0
1523	10179.0	6866.0
1524	9903.0	6905.0
1525	10131.0	6841.0
1526	10315.0	6818.0
1527	10401.0	6873.0
1528	10740.0	6808.0
1529	10860.0	6858.0
1530	11034.0	6603.0
1531	11286.0	6467.0
1532	11471.0	6301.0
1533	10935.0	6456.0
1534	11099.0	6727.0
1535	11042.0	6593.0
1536	11113.0	6849.0
1537	11054.0	6950.0
1538	10995.0	6878.0
1539	10817.0	6860.0
1540	10543.0	6860.0
1541	10459.0	7004.0
1542	10305.0	7244.0
1543	10364.0	7171.0
1544	10165.0	6961.0
1545	10200.0	6857.0
1546	10013.0	7098.0
1547	10099.0	6843.0
1548	10207.0	6969.0
1549	9655.0	7037.0
1550	9864.0	6923.0
1551	10080.0	6985.0
1552	9899.0	7035.0
1553	9448.0	6913.0
1554	9595.0	6792.0
1555	9812.0	6956.0
1556	9799.0	6916.0
1557	9833.0	6909.0
1558	10317.0	6660.0
1559	9844.0	6592.0
1560	9738.0	6440.0
1561	9653.0	6344.0
1562	9835.0	6460.0
1563	10145.0	6303.0
1564	10363.0	6694.0
1565	10708.0	6671.0
1566	10778.0	6620.0
1567	10486.0	6533.0
1568	11049.0	6511.0
1569	10295.0	6373.0
1570	10272.0	6607.0
1571	10528.0	6842.0
1572	10590.0	6840.0
1573	10596.0	7057.0
1574	10468.0	7223.0
1575	10350.0	7421.0
1576	10408.0	7493.0
1577	9883.0	7682.0
1578	9771.0	7526.0
1579	10214.0	7520.0
1580	9976.0	7451.0
1581	9852.0	7197.0
1582	10156.0	6899.0
1583	9768.0	7149.0
1584	9671.0	7047.0
1585	9762.0	7301.0
1586	9667.0	7284.0
1587	9380.0	7331.0
1588	9425.0	7452.0
1589	9445.0	7402.0
1590	9415.0	7533.0
1591	9166.0	7555.0
1592	9487.0	7410.0
1593	9573.0	7376.0
1594	9486.0	6978.0
1595	10038.0	7168.0
1596	10117.0	7056.0
1597	10093.0	6542.0
1598	10263.0	6942.0
1599	10359.0	6725.0
1600	10317.0	6629.0
1601	10650.0	6711.0
1602	10423.0	6906.0
1603	10317.0	6814.0
1604	10441.0	6991.0
1605	10217.0	7023.0
1606	10029.0	6813.0
1607	9825.0	7027.0
1608	9946.0	6845.0
1609	9908.0	7014.0
1610	9819.0	6825.0
1611	9985.0	6638.0
1612	9661.0	6682.0
1613	9625.0	6756.0
1614	9683.0	6926.0
1615	10067.0	6890.0
1616	9734.0	6863.0
1617	9845.0	6578.0
1618	10359.0	6541.0
1619	10496.0	6908.0
1620	10823.0	7167.0
1621	10760.0	7226.0
1622	11153.0	7040.0
1623	11125.0	7035.0
1624	11197.0	6910.0
1625	11433.0	6918.0
1626	12003.0	7216.0
1627	12241.0	7289.0
1628	11974.0	7153.0
1629	12175.0	7326.0
1630	12017.0	7349.0
1631	12048.0	7227.0
1632	11730.0	6934.0
1633	11604.0	6684.0
1634	11942.0	7093.0
1635	11921.0	6802.0
1636	11596.0	6946.0
1637	11701.0	6705.0
1638	11251.0	6936.0
1639	11282.0	6729.0
1640	11490.0	7035.0
1641	11457.0	6979.0
1642	10906.0	6818.0
1643	10849.0	6861.0
1644	10826.0	6992.0
1645	11050.0	6927.0
1646	11012.0	7220.0
1647	10816.0	7149.0
1648	10822.0	7479.0
1649	10743.0	7474.0
1650	11000.0	7405.0
1651	10826.0	7468.0
1652	10869.0	7603.0
1653	10506.0	7624.0
1654	10232.0	7711.0
1655	10072.0	7423.0
1656	9778.0	7614.0
1657	9248.0	7454.0
1658	9130.0	7382.0
1659	9327.0	7446.0
1660	9501.0	7864.0
1661	9283.0	7767.0
1662	9453.0	7643.0
1663	9621.0	7294.0
1664	9605.0	7203.0
1665	9569.0	7181.0
1666	9512.0	6576.0
1667	9562.0	6501.0
1668	9710.0	6600.0
1669	9628.0	6246.0
1670	9699.0	6373.0
1671	9910.0	6361.0
1672	9755.0	6592.0
1673	9584.0	6484.0
1674	9694.0	6422.0
1675	9131.0	6446.0
1676	9199.0	6771.0
1677	9218.0	6828.0
1678	8905.0	6513.0
1679	9073.0	6700.0
1680	9464.0	6626.0
1681	9553.0	6698.0
1682	9743.0	6705.0
1683	9602.0	6729.0
1684	9794.0	6701.0
1685	10115.0	6777.0
1686	10048.0	6650.0
1687	10107.0	6928.0
1688	10066.0	6969.0
1689	9579.0	6710.0
1690	9650.0	6828.0
1691	9705.0	6979.0
1692	9699.0	7148.0
1693	9488.0	7199.0
1694	10060.0	7269.0
1695	9713.0	7218.0
1696	9416.0	7269.0
1697	9501.0	7242.0
1698	8926.0	7405.0
1699	8992.0	7426.0
1700	9642.0	7214.0
1701	9721.0	7337.0
1702	9709.0	7237.0
1703	9854.0	7329.0
1704	9542.0	7484.0
1705	9049.0	7929.0
1706	8802.0	7550.0
1707	8975.0	7821.0
1708	8833.0	7519.0
1709	9056.0	7635.0
1710	9130.0	7968.0
1711	8998.0	7938.0
1712	9114.0	7955.0
1713	9439.0	8340.0
1714	9260.0	8135.0
1715	9391.0	8125.0
1716	9461.0	8111.0
1717	9634.0	7598.0
1718	10109.0	7563.0
1719	10230.0	7548.0
1720	9823.0	7521.0
1721	9996.0	7285.0
1722	10059.0	7052.0
1723	9805.0	6987.0
1724	9513.0	6702.0
1725	9977.0	6572.0
1726	9998.0	6828.0
1727	10050.0	6705.0
1728	9751.0	6983.0
1729	9793.0	7089.0
1730	9426.0	6886.0
1731	9379.0	6456.0
1732	9211.0	6251.0
1733	9406.0	6182.0
1734	9381.0	6344.0
1735	9627.0	6492.0
1736	9273.0	6505.0
1737	9466.0	6558.0
1738	9452.0	6607.0
1739	8916.0	6634.0
1740	9160.0	6706.0
1741	8945.0	6436.0
1742	9187.0	6660.0
1743	8760.0	6729.0
1744	8652.0	6861.0
1745	8619.0	7018.0
1746	8661.0	7030.0
1747	8667.0	7253.0
1748	8450.0	7227.0
1749	8574.0	7347.0
1750	9118.0	7436.0
1751	8960.0	7234.0
1752	8879.0	7165.0
1753	8906.0	7094.0
1754	9062.0	7119.0
1755	9080.0	7086.0
1756	8954.0	6933.0
1757	8847.0	6964.0
1758	9175.0	7235.0
1759	9269.0	7118.0
1760	9321.0	7188.0
1761	8980.0	6613.0
1762	9033.0	6752.0
1763	9058.0	6604.0
1764	9225.0	6543.0
1765	9003.0	6480.0
1766	8759.0	6478.0
1767	8669.0	6472.0
1768	8605.0	6493.0
1769	8667.0	6545.0
1770	8457.0	6676.0
1771	8288.0	6547.0
1772	8379.0	6758.0
1773	8542.0	6895.0
1774	8481.0	6927.0
1775	8323.0	6714.0
1776	8186.0	6911.0
1777	8393.0	6883.0
1778	8529.0	7091.0
1779	8560.0	7386.0
1780	8795.0	7473.0
1781	8878.0	7633.0
1782	8933.0	7896.0
1783	8837.0	7841.0
1784	9009.0	7808.0
1785	8933.0	7913.0
1786	9054.0	7554.0
1787	9638.0	7655.0
1788	9937.0	7547.0
1789	9354.0	7793.0
1790	9658.0	7344.0
1791	9480.0	7134.0
1792	9613.0	7348.0
1793	9502.0	7141.0
1794	10103.0	6969.0
1795	10038.0	6741.0
1796	10555.0	6990.0
1797	10078.0	7050.0
1798	10459.0	6858.0
1799	10207.0	6779.0
1800	10541.0	6629.0
1801	10599.0	6779.0
1802	10843.0	6587.0
1803	10583.0	6595.0
1804	10337.0	6745.0
1805	10735.0	6942.0
1806	10538.0	7013.0
1807	10333.0	6943.0
1808	10111.0	6870.0
1809	9954.0	7019.0
1810	9470.0	6998.0
1811	9555.0	6730.0
1812	9474.0	6828.0
1813	8942.0	6780.0
1814	8871.0	7020.0
1815	8589.0	6919.0
1816	8541.0	6906.0
1817	8488.0	6735.0
1818	8676.0	6807.0
1819	8615.0	6726.0
1820	8598.0	6588.0
1821	8862.0	6741.0
1822	8958.0	6604.0
1823	8690.0	6750.0
1824	8904.0	6840.0
1825	8981.0	6507.0
1826	9073.0	6510.0
1827	8827.0	6690.0
1828	9191.0	6551.0
1829	9499.0	6566.0
1830	9300.0	6660.0
1831	9432.0	6860.0
1832	9117.0	6928.0
1833	9211.0	6792.0
1834	9140.0	6593.0
1835	9325.0	6373.0
1836	9146.0	6307.0
1837	8865.0	6428.0
1838	9416.0	6399.0
1839	9438.0	6393.0
1840	9454.0	6425.0
1841	9161.0	6282.0
1842	9009.0	6106.0
1843	8887.0	6399.0
1844	8855.0	6417.0
1845	8995.0	6057.0
1846	9144.0	6101.0
1847	8851.0	6122.0
1848	8488.0	6189.0
1849	8302.0	6118.0
1850	8391.0	6116.0
1851	8194.0	6111.0
1852	7637.0	6012.0
1853	7665.0	5932.0
1854	7450.0	5957.0
1855	7457.0	5905.0
1856	7393.0	5907.0
1857	7241.0	6003.0
1858	7159.0	5968.0
1859	7475.0	6196.0
1860	7351.0	5950.0
1861	7568.0	6085.0
1862	7599.0	5972.0
1863	7280.0	6133.0
1864	7168.0	6228.0
1865	7444.0	6197.0
1866	7253.0	6094.0
1867	7073.0	6091.0
1868	7158.0	6301.0
1869	7288.0	6467.0
1870	7242.0	6523.0
1871	7498.0	6776.0
1872	7281.0	6445.0
1873	7308.0	6441.0
1874	7399.0	6322.0
1875	7499.0	6469.0
1876	8018.0	6546.0
1877	7618.0	6396.0
1878	7590.0	6220.0
1879	7764.0	6119.0
1880	8093.0	6385.0
1881	7964.0	6570.0
1882	7763.0	6406.0
1883	7814.0	6810.0
1884	7677.0	6652.0
1885	7835.0	6401.0
1886	7703.0	6345.0
1887	8072.0	6251.0
1888	7888.0	6154.0
1889	7635.0	6011.0
1890	7797.0	6329.0
1891	7987.0	5977.0
1892	7985.0	6009.0
1893	8310.0	6134.0
1894	8035.0	6109.0
1895	8149.0	6097.0
1896	8276.0	6139.0
1897	8369.0	6171.0
1898	8670.0	6202.0
1899	8821.0	6007.0
1900	9256.0	6031.0
1901	9251.0	6003.0
1902	9093.0	5895.0
1903	9375.0	5997.0
1904	9200.0	5707.0
1905	9764.0	5999.0
1906	9624.0	5569.0
1907	9568.0	5858.0
1908	9412.0	5364.0
1909	9296.0	5490.0
1910	9428.0	5668.0
1911	9322.0	5782.0
1912	8926.0	6026.0
1913	8980.0	5822.0
1914	9024.0	5988.0
1915	9191.0	5998.0
1916	9207.0	5955.0
1917	9280.0	5929.0
1918	9356.0	6122.0
1919	8786.0	6222.0
1920	8949.0	6228.0
1921	8875.0	6317.0
1922	8964.0	6031.0
1923	8820.0	6163.0
1924	8595.0	6204.0
1925	8470.0	6144.0
1926	8223.0	5990.0
1927	8281.0	6153.0
1928	8230.0	6469.0
1929	8400.0	6456.0
1930	8381.0	6421.0
1931	8130.0	6407.0
1932	8475.0	6327.0
1933	8902.0	5993.0
1934	8684.0	5733.0
1935	8423.0	5722.0
1936	8569.0	5407.0
1937	8592.0	5456.0
1938	8972.0	5104.0
1939	8748.0	5234.0
1940	8618.0	5334.0
1941	8411.0	5458.0
1942	8646.0	5403.0
1943	8313.0	5623.0
1944	8291.0	5512.0
1945	8394.0	5519.0
1946	8154.0	5520.0
1947	8354.0	5710.0
1948	8299.0	5488.0
1949	8420.0	5544.0
1950	8310.0	5472.0
1951	8128.0	5501.0
1952	8603.0	5354.0
1953	8730.0	5683.0
1954	8432.0	5646.0
1955	8702.0	5714.0
1956	8499.0	5856.0
1957	8369.0	5910.0
1958	8257.0	5993.0
1959	8245.0	6277.0
1960	8576.0	6283.0
1961	8604.0	6151.0
1962	8309.0	5962.0
1963	8818.0	6124.0
1964	8289.0	6206.0
1965	8206.0	6292.0
1966	7765.0	6084.0
1967	7821.0	5698.0
1968	7730.0	5645.0
1969	8071.0	5691.0
1970	8178.0	5991.0
1971	8058.0	5944.0
1972	8144.0	6020.0
1973	8242.0	5916.0
1974	8769.0	5808.0
1975	8402.0	6003.0
1976	8691.0	5966.0
1977	8325.0	5798.0
1978	8109.0	5886.0
1979	8256.0	5629.0
1980	8408.0	5625.0
1981	8303.0	5778.0
1982	8684.0	5850.0
1983	8523.0	5808.0
1984	8474.0	5722.0
1985	8672.0	5627.0
1986	8722.0	5490.0
1987	8451.0	5457.0
1988	8682.0	5538.0
1989	8308.0	5518.0
1990	8264.0	5663.0
1991	8442.0	5698.0
1992	8205.0	5696.0
1993	8291.0	5828.0
1994	8207.0	5804.0
1995	8180.0	5792.0
1996	8206.0	5864.0
1997	8509.0	5809.0
1998	8397.0	5830.0
1999	8533.0	5603.0
