Offset	A	C	G	T	A/T	C/G	A/G	C/T	AA	AC	AG	AT	CA	CC	CG	CT	GA	GC	GG	GT	TA	TC	TG	TT	N	NN
-50	0.268284	0.107529	0.164330	0.459857	0.532972	0.100745	0.272762	0.163123	0.089200	0.032129	0.086101	0.060854	0.039720	0.020929	0.015149	0.031731	0.056970	0.024176	0.040491	0.042693	0.305185	0.032730	0.044209	0.077733	1165372.0	1165372.0
-49	0.491075	0.109964	0.185950	0.213011	0.277586	0.140944	0.486109	0.172244	0.081265	0.041173	0.298607	0.070030	0.041772	0.018754	0.013058	0.036380	0.034013	0.036908	0.072224	0.042805	0.055188	0.046008	0.040712	0.071103	1165372.0	1165372.0
-48	0.212239	0.142842	0.424602	0.220318	0.260231	0.394222	0.170486	0.164245	0.061165	0.034290	0.054232	0.062552	0.057915	0.032590	0.020739	0.031597	0.031043	0.316846	0.024046	0.052666	0.073607	0.037150	0.046653	0.062908	1165372.0	1165372.0
-47	0.223730	0.420876	0.145670	0.209723	0.267640	0.339430	0.180280	0.395354	0.061638	0.050435	0.036528	0.075129	0.100219	0.265107	0.022506	0.033045	0.055017	0.024721	0.027097	0.038836	0.066748	0.033076	0.045773	0.064126	1165373.0	1165373.0
-46	0.283621	0.373339	0.131905	0.211136	0.305191	0.093394	0.222315	0.411424	0.076229	0.030378	0.077150	0.099864	0.048713	0.020519	0.013820	0.290286	0.039995	0.030113	0.028942	0.032855	0.065262	0.036783	0.045255	0.063836	1165373.0	1165373.0
-45	0.230198	0.117793	0.165167	0.486842	0.552567	0.110717	0.230319	0.405109	0.086880	0.029480	0.056704	0.057134	0.031598	0.019235	0.025780	0.041181	0.046318	0.025285	0.040417	0.053146	0.103260	0.039400	0.038889	0.305293	1165373.0	1165373.0
-44	0.268056	0.113401	0.161789	0.456754	0.249838	0.102874	0.241620	0.179210	0.068843	0.043551	0.089406	0.066256	0.035295	0.021978	0.019410	0.036717	0.053628	0.031743	0.029743	0.046675	0.051065	0.056842	0.285174	0.063673	1165373.0	1165373.0
-43	0.208832	0.154114	0.423733	0.213321	0.264003	0.345376	0.158922	0.204396	0.066240	0.050943	0.031964	0.059685	0.044907	0.022848	0.015931	0.070427	0.040313	0.286192	0.020405	0.076823	0.057774	0.030815	0.044428	0.080305	1165373.0	1165373.0
-42	0.209233	0.390798	0.112728	0.287240	0.326987	0.345570	0.159624	0.219772	0.072461	0.031827	0.038780	0.066166	0.058359	0.033926	0.267424	0.031089	0.028696	0.024533	0.019686	0.039812	0.072774	0.039170	0.059710	0.115586	1165373.0	1165373.0
-41	0.232290	0.129456	0.385600	0.252653	0.267164	0.342085	0.158245	0.222300	0.060004	0.048512	0.045594	0.078181	0.035685	0.031210	0.016140	0.046422	0.033801	0.275890	0.018845	0.057063	0.067070	0.082759	0.040915	0.061910	1165373.0	1165373.0
-40	0.196559	0.438370	0.121494	0.243576	0.286089	0.371488	0.154399	0.495939	0.065282	0.032426	0.036127	0.062725	0.057935	0.311499	0.016259	0.052678	0.032898	0.023639	0.020091	0.044865	0.067879	0.041560	0.043934	0.090203	1165373.0	1165373.0
-39	0.223994	0.409123	0.116412	0.250471	0.284883	0.088665	0.176257	0.189309	0.080947	0.036762	0.035402	0.070883	0.323506	0.022440	0.018795	0.044382	0.032895	0.020417	0.027013	0.036086	0.053416	0.042850	0.074568	0.079637	1165373.0	1165373.0
-38	0.490764	0.122470	0.155778	0.230989	0.293608	0.086775	0.234712	0.169965	0.114459	0.280653	0.035193	0.060458	0.036065	0.019262	0.014755	0.052388	0.055511	0.023210	0.029548	0.047508	0.055618	0.035243	0.077055	0.063073	1165373.0	1165373.0
-37	0.261654	0.358368	0.156552	0.223427	0.304877	0.108384	0.237259	0.152830	0.117999	0.037470	0.045527	0.060657	0.281020	0.017696	0.017944	0.041708	0.047935	0.046946	0.025798	0.035873	0.062177	0.029382	0.067825	0.064044	1165373.0	1165373.0
-36	0.509131	0.131495	0.157093	0.202281	0.295689	0.092302	0.241620	0.163863	0.111425	0.288717	0.047691	0.061297	0.049147	0.019680	0.020521	0.042146	0.052222	0.021819	0.030281	0.052771	0.056559	0.035629	0.043686	0.066408	1165373.0	1165373.0
-35	0.269353	0.365845	0.142179	0.222622	0.271329	0.345769	0.211456	0.433211	0.056926	0.035982	0.084102	0.092343	0.029368	0.269028	0.017345	0.050104	0.044512	0.033480	0.025916	0.038271	0.052006	0.044024	0.056538	0.070055	1165373.0	1165373.0
-34	0.182812	0.382514	0.183901	0.250773	0.253229	0.406839	0.173064	0.214310	0.060923	0.032182	0.035874	0.053833	0.034059	0.031115	0.275309	0.042031	0.043748	0.067897	0.032518	0.039737	0.058875	0.061566	0.050734	0.079599	1165373.0	1165373.0
-33	0.197605	0.192759	0.394436	0.215200	0.258985	0.142198	0.187846	0.182682	0.063418	0.030567	0.037078	0.066542	0.050571	0.025612	0.062268	0.054309	0.055632	0.022601	0.031718	0.284485	0.061456	0.035193	0.050982	0.067569	1165373.0	1165373.0
-32	0.231077	0.113973	0.182046	0.472904	0.277535	0.091630	0.257059	0.176444	0.078087	0.037612	0.059114	0.056264	0.039445	0.018999	0.017926	0.037603	0.088280	0.023127	0.031579	0.039060	0.063104	0.039762	0.289959	0.080080	1165373.0	1165373.0
-31	0.268916	0.119499	0.398577	0.213008	0.278145	0.355460	0.254403	0.148105	0.076575	0.038148	0.084188	0.070005	0.041960	0.023408	0.017794	0.036337	0.048390	0.269007	0.045251	0.035929	0.076109	0.032903	0.048540	0.055457	1165373.0	1165373.0
-30	0.243033	0.363466	0.195773	0.197728	0.253007	0.136942	0.240514	0.395123	0.074523	0.061208	0.047264	0.060038	0.039294	0.022078	0.019358	0.282737	0.049310	0.026090	0.069417	0.050956	0.057919	0.029781	0.049501	0.060527	1165373.0	1165373.0
-29	0.221045	0.139156	0.185540	0.454259	0.510162	0.113177	0.166299	0.409780	0.067617	0.048625	0.040804	0.063999	0.045411	0.042542	0.017009	0.034194	0.034166	0.029914	0.023712	0.097748	0.073174	0.027673	0.048040	0.305372	1165373.0	1165373.0
-28	0.220368	0.148753	0.129565	0.501313	0.316869	0.108181	0.171853	0.419378	0.062483	0.043378	0.040155	0.074351	0.046982	0.028539	0.032858	0.040374	0.045821	0.023390	0.023393	0.036961	0.104412	0.274842	0.046437	0.075622	1165373.0	1165373.0
-27	0.259698	0.370150	0.142844	0.227308	0.308676	0.347883	0.192672	0.401449	0.059950	0.034758	0.049883	0.115107	0.052640	0.272115	0.014124	0.031272	0.042235	0.021040	0.040604	0.038963	0.066884	0.031328	0.062361	0.066735	1165373.0	1165373.0
-26	0.221709	0.359241	0.166972	0.252077	0.311307	0.128132	0.201865	0.410536	0.057676	0.028607	0.057059	0.078367	0.035724	0.022815	0.015806	0.284896	0.034324	0.036704	0.052806	0.043138	0.103801	0.031362	0.045451	0.071463	1165373.0	1165373.0
-25	0.231525	0.119489	0.171122	0.477864	0.509248	0.118063	0.203244	0.436663	0.056244	0.031002	0.079253	0.065026	0.036137	0.029738	0.014725	0.038889	0.045433	0.051285	0.022315	0.052090	0.056471	0.036529	0.053357	0.331507	1165373.0	1165373.0
-24	0.194285	0.148554	0.169650	0.487512	0.505751	0.094015	0.212320	0.202497	0.058723	0.030419	0.049328	0.055816	0.053324	0.024922	0.016417	0.053891	0.078020	0.026426	0.026250	0.038954	0.301658	0.034130	0.062170	0.089554	1165373.0	1165373.0
-23	0.491724	0.115897	0.154164	0.238215	0.270938	0.114882	0.217023	0.197619	0.059741	0.277371	0.092662	0.061950	0.036420	0.020802	0.022751	0.035924	0.035542	0.042251	0.029078	0.047293	0.058462	0.050108	0.038860	0.090786	1165373.0	1165373.0
-22	0.190165	0.390532	0.183351	0.235953	0.268526	0.117840	0.163418	0.451599	0.062680	0.032334	0.039153	0.055998	0.051054	0.032935	0.016986	0.289556	0.036659	0.042993	0.024926	0.078773	0.060340	0.039599	0.046505	0.089508	1165373.0	1165373.0
-21	0.210733	0.147862	0.127570	0.513835	0.557633	0.104480	0.183263	0.469197	0.071344	0.034440	0.048756	0.056194	0.064701	0.021867	0.025684	0.035609	0.030006	0.023771	0.033158	0.040636	0.062303	0.043928	0.039811	0.367792	1165373.0	1165373.0
-20	0.228353	0.124006	0.147409	0.500231	0.262932	0.102224	0.167425	0.456201	0.057703	0.043949	0.044621	0.082081	0.040711	0.032711	0.016943	0.033641	0.034389	0.021857	0.030712	0.060451	0.057629	0.324329	0.052754	0.065520	1165373.0	1165373.0
-19	0.190431	0.422847	0.145030	0.241693	0.266581	0.400084	0.165140	0.481179	0.057076	0.032518	0.043959	0.056877	0.036437	0.309624	0.025620	0.051166	0.033247	0.033982	0.030858	0.046943	0.068044	0.035807	0.053258	0.084583	1165373.0	1165373.0
-18	0.194805	0.411931	0.153696	0.239569	0.281681	0.353452	0.182224	0.458344	0.064962	0.034217	0.043420	0.052205	0.036748	0.266810	0.020280	0.088093	0.035993	0.028513	0.037849	0.051342	0.094515	0.033442	0.041612	0.070000	1165373.0	1165373.0
-17	0.232217	0.362982	0.143162	0.261639	0.298976	0.099170	0.188994	0.170454	0.062888	0.050317	0.055795	0.063218	0.287078	0.023782	0.015268	0.036853	0.041061	0.030869	0.029251	0.041981	0.109411	0.046359	0.042410	0.063459	1165373.0	1165373.0
-16	0.500438	0.151328	0.142723	0.205511	0.502410	0.105704	0.198644	0.180694	0.063290	0.071399	0.061182	0.304567	0.043034	0.033054	0.026671	0.048568	0.050138	0.021945	0.024034	0.046607	0.063828	0.028346	0.042611	0.070726	1165373.0	1165373.0
-15	0.220289	0.154744	0.154499	0.470467	0.520969	0.133944	0.195600	0.172815	0.067761	0.054843	0.042793	0.054892	0.044061	0.018084	0.057114	0.035486	0.048119	0.021820	0.036926	0.047634	0.312389	0.033319	0.038833	0.085926	1165373.0	1165373.0
-14	0.472330	0.128065	0.175667	0.223938	0.254637	0.138752	0.486068	0.188862	0.064206	0.042466	0.310757	0.054901	0.035027	0.019734	0.016360	0.056946	0.035646	0.027201	0.075458	0.037361	0.055940	0.032593	0.055815	0.079590	1165373.0	1165373.0
-13	0.190819	0.121994	0.458390	0.228798	0.245711	0.164148	0.485753	0.166682	0.068096	0.028930	0.037579	0.056214	0.037875	0.030153	0.016908	0.037059	0.304190	0.041201	0.075887	0.037112	0.060170	0.038240	0.069156	0.061231	1165373.0	1165373.0
-12	0.470331	0.138523	0.199531	0.191615	0.252989	0.119540	0.489712	0.168845	0.065501	0.042182	0.291312	0.071336	0.045990	0.036495	0.017640	0.038398	0.097284	0.029790	0.035615	0.036841	0.054710	0.032510	0.042953	0.061442	1165373.0	1165373.0
-11	0.263486	0.140977	0.387520	0.208018	0.332933	0.121111	0.410003	0.190191	0.067257	0.032777	0.034528	0.128924	0.038677	0.043742	0.020891	0.037667	0.283404	0.031662	0.024815	0.047639	0.057649	0.029680	0.041586	0.079103	1165373.0	1165373.0
-10	0.446987	0.137861	0.121820	0.293333	0.563043	0.102677	0.144676	0.258109	0.056082	0.043680	0.035716	0.311509	0.040511	0.030443	0.018640	0.048266	0.029094	0.029810	0.023784	0.039133	0.073015	0.056963	0.040918	0.122436	1165373.0	1165373.0
-9	0.198703	0.160896	0.119057	0.521344	0.566628	0.097472	0.163733	0.268118	0.075670	0.035358	0.032921	0.054754	0.032226	0.026927	0.023434	0.078310	0.031982	0.023951	0.023160	0.039964	0.314006	0.040683	0.044457	0.122198	1165373.0	1165373.0
-8	0.453884	0.126919	0.123971	0.295226	0.590291	0.104197	0.168039	0.260534	0.062625	0.031772	0.041337	0.318150	0.038267	0.023687	0.021420	0.043546	0.030836	0.025850	0.033240	0.034045	0.063979	0.047764	0.037946	0.145537	1165373.0	1165373.0
-7	0.195707	0.129073	0.133943	0.541277	0.548138	0.104755	0.157054	0.244111	0.064833	0.037133	0.031838	0.061903	0.036210	0.025158	0.018509	0.049195	0.036310	0.037015	0.024073	0.036545	0.302290	0.050646	0.069230	0.119111	1165373.0	1165373.0
-6	0.439644	0.149952	0.143650	0.266754	0.501060	0.118799	0.432864	0.212179	0.309605	0.043430	0.030969	0.055641	0.048623	0.030442	0.020225	0.050662	0.045522	0.021363	0.046769	0.029996	0.054985	0.050246	0.080693	0.080830	1165373.0	1165373.0
-5	0.458735	0.145480	0.178656	0.217129	0.269562	0.112852	0.215276	0.193585	0.060901	0.296224	0.033264	0.068345	0.046499	0.028408	0.015108	0.055465	0.074686	0.022910	0.046425	0.034634	0.062348	0.031745	0.045068	0.077967	1165373.0	1165373.0
-4	0.244434	0.379288	0.139866	0.236412	0.336556	0.110236	0.164422	0.435493	0.074028	0.030327	0.030429	0.109651	0.043804	0.030742	0.014655	0.290087	0.042131	0.047005	0.017835	0.032896	0.075115	0.036901	0.046633	0.077762	1165373.0	1165373.0
-3	0.235078	0.144975	0.109551	0.510396	0.572944	0.078360	0.177444	0.474903	0.083239	0.040093	0.034649	0.077096	0.037752	0.018094	0.023702	0.065427	0.041812	0.018821	0.017744	0.031175	0.061567	0.040340	0.057448	0.351042	1165373.0	1165373.0
-2	0.224369	0.117347	0.133543	0.524741	0.524326	0.079865	0.179708	0.185733	0.086874	0.031270	0.032427	0.073799	0.035705	0.022618	0.014758	0.044266	0.040642	0.022724	0.019765	0.050411	0.301609	0.056806	0.104282	0.062044	1165373.0	1165373.0
-1	0.464831	0.133417	0.171233	0.230519	0.573380	0.057987	0.149630	0.192158	0.065377	0.032390	0.031252	0.335812	0.041189	0.010851	0.010346	0.071031	0.041542	0.025331	0.011459	0.092901	0.082509	0.020595	0.037734	0.089681	1165373.0	1165373.0
0	0.230618	0.089166	0.090791	0.589425	0.389160	0.061710	0.179394	0.138184	0.085097	0.033588	0.046874	0.065059	0.044091	0.009036	0.015094	0.020945	0.028077	0.018235	0.019346	0.025134	0.164138	0.033337	0.317084	0.074866	1165373.0	1165373.0
1	0.321404	0.094195	0.398398	0.186004	0.287052	0.346939	0.547860	0.141062	0.109262	0.055073	0.099544	0.057524	0.029488	0.020936	0.015032	0.028739	0.051439	0.023356	0.287614	0.035988	0.058175	0.029295	0.036442	0.062092	1165373.0	1165373.0
2	0.248363	0.128661	0.438633	0.184343	0.259257	0.160371	0.513139	0.164683	0.081218	0.034369	0.058287	0.074489	0.024910	0.047264	0.020712	0.035776	0.299712	0.018473	0.073922	0.046526	0.048880	0.026974	0.053819	0.054669	1165373.0	1165373.0
3	0.454720	0.127080	0.206740	0.211460	0.506392	0.109081	0.499046	0.160854	0.326082	0.039782	0.037616	0.051239	0.027075	0.030774	0.021085	0.048147	0.102529	0.024403	0.032819	0.046988	0.079609	0.032471	0.049918	0.049462	1165373.0	1165373.0
4	0.535295	0.127430	0.141438	0.195837	0.518194	0.101740	0.223752	0.137639	0.093139	0.067248	0.052439	0.322468	0.029645	0.017364	0.038553	0.041868	0.049800	0.017448	0.028375	0.045816	0.054349	0.030170	0.063081	0.048237	1165373.0	1165373.0
5	0.226932	0.132230	0.182448	0.458390	0.207869	0.086179	0.175703	0.172199	0.053148	0.081962	0.036560	0.055263	0.027291	0.013310	0.022987	0.068642	0.061549	0.025436	0.024446	0.071017	0.049431	0.040221	0.318711	0.050027	1165373.0	1165373.0
6	0.191419	0.160928	0.402705	0.244948	0.216575	0.091061	0.171010	0.189433	0.050389	0.054980	0.037050	0.049001	0.034690	0.018300	0.026701	0.081237	0.059405	0.021894	0.024166	0.297240	0.055395	0.028106	0.099657	0.061791	1165373.0	1165373.0
7	0.199879	0.123280	0.187573	0.489267	0.490878	0.094298	0.185230	0.203560	0.045371	0.040651	0.049126	0.064731	0.038070	0.019307	0.022794	0.043109	0.060879	0.022343	0.029854	0.074497	0.295786	0.056154	0.052338	0.084990	1165373.0	1165373.0
8	0.440106	0.138455	0.154111	0.267327	0.476905	0.106113	0.432355	0.201709	0.299656	0.027646	0.045454	0.067350	0.041767	0.013300	0.036788	0.046600	0.054659	0.023438	0.032586	0.043428	0.060091	0.092001	0.065428	0.049808	1165373.0	1165373.0
9	0.456172	0.156385	0.180256	0.207186	0.473954	0.093259	0.455907	0.127597	0.313349	0.032075	0.044839	0.065910	0.088482	0.012841	0.020703	0.034359	0.064229	0.026224	0.033491	0.056312	0.047054	0.032756	0.079735	0.047641	1165373.0	1165373.0
10	0.513114	0.103895	0.178768	0.204223	0.276092	0.103860	0.486815	0.159522	0.073094	0.032805	0.304713	0.102502	0.025944	0.015716	0.023700	0.038535	0.067226	0.022662	0.041782	0.047097	0.052581	0.057357	0.046371	0.047914	1165373.0	1165373.0
11	0.218846	0.128540	0.416565	0.236049	0.271269	0.132310	0.453503	0.170134	0.067110	0.051393	0.037976	0.062367	0.027879	0.026126	0.022349	0.052186	0.290026	0.025444	0.058391	0.042704	0.094348	0.044378	0.049878	0.047444	1165373.0	1165373.0
12	0.479363	0.147342	0.168594	0.204701	0.473155	0.112762	0.444633	0.146705	0.322524	0.074080	0.044182	0.038577	0.041665	0.027565	0.034596	0.043517	0.048004	0.020679	0.029923	0.069988	0.069163	0.032734	0.059914	0.042890	1165373.0	1165373.0
13	0.481357	0.155058	0.168614	0.194972	0.236662	0.148338	0.480269	0.169756	0.081392	0.042980	0.309840	0.047145	0.026537	0.056872	0.036327	0.035321	0.058163	0.024265	0.030873	0.055312	0.068341	0.037779	0.049068	0.039784	1165373.0	1165373.0
14	0.234434	0.161897	0.426108	0.177561	0.236828	0.142104	0.230103	0.158306	0.089295	0.050301	0.052560	0.042278	0.028324	0.015678	0.062305	0.055590	0.052158	0.028031	0.036090	0.309829	0.044872	0.026656	0.045651	0.060382	1165373.0	1165373.0
15	0.214650	0.120666	0.196605	0.468079	0.471870	0.090414	0.198015	0.163286	0.071683	0.042779	0.053314	0.046873	0.029718	0.015295	0.018008	0.057645	0.042914	0.027009	0.030103	0.096579	0.293904	0.030937	0.083829	0.059409	1165373.0	1165373.0
16	0.438220	0.116019	0.185254	0.260507	0.467262	0.113732	0.205951	0.175884	0.048537	0.030905	0.057042	0.301736	0.028924	0.016682	0.018514	0.051898	0.062167	0.040330	0.038205	0.044551	0.046802	0.037116	0.106402	0.070187	1165373.0	1165373.0
17	0.186430	0.125034	0.220163	0.468373	0.224501	0.134172	0.209928	0.190730	0.052528	0.035080	0.054710	0.044113	0.036755	0.015278	0.018867	0.054134	0.068969	0.066305	0.033721	0.051167	0.047932	0.041391	0.299122	0.079927	1165373.0	1165373.0
18	0.206185	0.158054	0.406420	0.229341	0.232606	0.346411	0.423404	0.204444	0.052268	0.043067	0.046438	0.064411	0.032542	0.017059	0.023613	0.084841	0.041862	0.022903	0.282836	0.058819	0.063319	0.049937	0.063478	0.052608	1165373.0	1165373.0
19	0.189991	0.132966	0.416365	0.260679	0.216030	0.099015	0.430462	0.217457	0.059319	0.049807	0.038694	0.042170	0.027336	0.025995	0.018820	0.060815	0.301329	0.023080	0.031120	0.060835	0.061318	0.077423	0.068714	0.053223	1165373.0	1165373.0
20	0.449302	0.176306	0.157348	0.217044	0.225827	0.092376	0.433613	0.228670	0.052349	0.037201	0.306869	0.052883	0.037702	0.027145	0.017657	0.093802	0.050824	0.024003	0.023571	0.058950	0.050048	0.037177	0.059272	0.070547	1165373.0	1165373.0
21	0.190923	0.125525	0.407369	0.276182	0.244311	0.355462	0.186026	0.218993	0.053150	0.039263	0.056477	0.042034	0.042428	0.023175	0.021371	0.038552	0.047740	0.282256	0.028659	0.048713	0.042223	0.050362	0.076693	0.106905	1165373.0	1165373.0
22	0.185540	0.395056	0.183201	0.236203	0.210231	0.376227	0.217303	0.160469	0.054963	0.038331	0.044084	0.048162	0.050476	0.022008	0.280590	0.041982	0.074859	0.030232	0.043397	0.034712	0.043523	0.032895	0.096202	0.063583	1165373.0	1165373.0
23	0.223821	0.123466	0.464273	0.188440	0.217377	0.156850	0.250738	0.149219	0.056055	0.050509	0.055579	0.061678	0.034131	0.019704	0.020834	0.048798	0.057782	0.034991	0.081322	0.290177	0.055569	0.036643	0.052153	0.044074	1165373.0	1165373.0
24	0.203537	0.141847	0.209887	0.444728	0.435384	0.167241	0.235380	0.152991	0.055310	0.053875	0.051163	0.043189	0.051784	0.025519	0.027761	0.036783	0.049712	0.034767	0.079194	0.046214	0.297185	0.050989	0.056854	0.039701	1165373.0	1165373.0
25	0.453991	0.165150	0.214972	0.165887	0.212865	0.160045	0.198643	0.144420	0.057735	0.283425	0.044578	0.068253	0.063260	0.028672	0.023786	0.049432	0.060698	0.071956	0.035632	0.046686	0.048250	0.027689	0.051321	0.038627	1165373.0	1165373.0
26	0.229944	0.411742	0.155316	0.202999	0.226925	0.360134	0.200833	0.194672	0.059756	0.052282	0.058604	0.059301	0.032310	0.024588	0.269080	0.085764	0.049696	0.033689	0.032777	0.039155	0.060350	0.036803	0.058328	0.047518	1165373.0	1165373.0
27	0.202111	0.147361	0.418790	0.231738	0.260065	0.387134	0.207447	0.169001	0.067028	0.033086	0.051153	0.050845	0.039461	0.021490	0.023506	0.062904	0.037398	0.290271	0.051868	0.039253	0.089730	0.032144	0.057401	0.052462	1165373.0	1165373.0
28	0.233618	0.376991	0.183927	0.205464	0.249437	0.130678	0.234293	0.163859	0.096063	0.048280	0.039479	0.049796	0.281209	0.041126	0.019883	0.034773	0.055738	0.026656	0.043014	0.058520	0.045925	0.030307	0.071579	0.057653	1165373.0	1165373.0
29	0.478934	0.146369	0.173955	0.200743	0.218543	0.126269	0.452342	0.187380	0.062472	0.074912	0.290177	0.051374	0.032981	0.035279	0.018204	0.059904	0.064093	0.037185	0.035601	0.037077	0.047853	0.035353	0.060692	0.056844	1165373.0	1165373.0
30	0.207399	0.182729	0.404674	0.205199	0.244117	0.417871	0.448158	0.224710	0.067222	0.035542	0.041297	0.063338	0.051202	0.073421	0.017705	0.040401	0.044522	0.031629	0.295117	0.033406	0.052903	0.050235	0.041407	0.060654	1165373.0	1165373.0
31	0.215849	0.190826	0.395526	0.197798	0.250673	0.357605	0.175115	0.177981	0.062848	0.047988	0.038134	0.066880	0.110278	0.026669	0.018362	0.035518	0.038512	0.276953	0.035621	0.044439	0.045956	0.040805	0.036049	0.074989	1165373.0	1165373.0
32	0.257594	0.392415	0.128165	0.221826	0.299736	0.350145	0.163628	0.431154	0.065339	0.063018	0.031523	0.097715	0.049325	0.277343	0.020480	0.045267	0.042337	0.027891	0.024430	0.033507	0.063411	0.035272	0.049872	0.073272	1165373.0	1165373.0
33	0.220411	0.403524	0.126305	0.249760	0.309451	0.100591	0.192236	0.167988	0.078581	0.036926	0.041841	0.063064	0.320485	0.025673	0.018525	0.038841	0.035587	0.020164	0.036228	0.034325	0.102846	0.038514	0.043440	0.064960	1165373.0	1165373.0
34	0.537498	0.121277	0.140034	0.201191	0.536040	0.108100	0.484695	0.178601	0.360466	0.070991	0.046301	0.059741	0.039643	0.026667	0.019053	0.035914	0.036236	0.020689	0.041691	0.041418	0.047341	0.047527	0.037829	0.068493	1165373.0	1165373.0
35	0.483686	0.165874	0.144875	0.205565	0.234485	0.088150	0.422587	0.179808	0.058697	0.083323	0.291660	0.050006	0.077718	0.021789	0.016942	0.049425	0.045723	0.022912	0.026507	0.049733	0.060238	0.043051	0.036732	0.065544	1165373.0	1165373.0
36	0.242376	0.171074	0.371842	0.214707	0.279552	0.332673	0.197530	0.160073	0.095933	0.049389	0.041028	0.056026	0.096403	0.019448	0.020977	0.034247	0.035406	0.267085	0.025163	0.044188	0.069386	0.048172	0.038943	0.058207	1165373.0	1165373.0
37	0.297127	0.384094	0.126111	0.192668	0.254140	0.354285	0.196245	0.168162	0.070844	0.102761	0.061708	0.061814	0.056881	0.029536	0.264124	0.033553	0.032542	0.029475	0.031151	0.032943	0.049270	0.032861	0.038325	0.072212	1165373.0	1165373.0
38	0.209538	0.194632	0.395308	0.200522	0.234653	0.409856	0.161632	0.207899	0.065733	0.043715	0.042130	0.057961	0.050215	0.066707	0.038424	0.039287	0.030750	0.281706	0.023019	0.059832	0.051308	0.042254	0.047308	0.059651	1165373.0	1165373.0
39	0.198005	0.434382	0.150881	0.216731	0.240751	0.366146	0.189448	0.438200	0.064247	0.043937	0.037353	0.052468	0.083052	0.270222	0.016624	0.064484	0.032191	0.023642	0.055658	0.039391	0.058268	0.037725	0.054970	0.065768	1165373.0	1165373.0
40	0.237757	0.375527	0.164605	0.222111	0.236870	0.356969	0.183140	0.190601	0.057022	0.081297	0.042915	0.056524	0.036732	0.026876	0.262222	0.049697	0.050176	0.034845	0.033026	0.046558	0.057838	0.048542	0.050245	0.065486	1165373.0	1165373.0
41	0.201769	0.191559	0.388408	0.218264	0.267532	0.099597	0.432517	0.240514	0.076171	0.039396	0.033978	0.052224	0.056067	0.021537	0.021790	0.092165	0.299950	0.033853	0.022418	0.032187	0.052847	0.040522	0.038606	0.086290	1165373.0	1165373.0
42	0.485035	0.135308	0.116791	0.262866	0.590704	0.099112	0.162986	0.240447	0.066415	0.032947	0.036700	0.348973	0.040046	0.026984	0.021696	0.046582	0.033098	0.023658	0.026773	0.033261	0.055756	0.047320	0.040230	0.119560	1165373.0	1165373.0
43	0.195314	0.130910	0.125399	0.548376	0.292255	0.093840	0.161281	0.512235	0.067409	0.033037	0.035028	0.059839	0.037095	0.024393	0.015022	0.054401	0.031807	0.027390	0.027036	0.039167	0.070786	0.339221	0.044149	0.094220	1165373.0	1165373.0
44	0.207097	0.424041	0.121235	0.247627	0.276196	0.086399	0.161327	0.474328	0.065463	0.031882	0.040663	0.069089	0.046153	0.021863	0.015048	0.340978	0.032401	0.026689	0.022800	0.039345	0.062823	0.032667	0.073316	0.078821	1165373.0	1165373.0
45	0.206840	0.113100	0.151827	0.528233	0.527953	0.101784	0.178754	0.178959	0.064379	0.032342	0.041520	0.068600	0.034056	0.019387	0.015205	0.044453	0.032260	0.026597	0.040596	0.052375	0.314552	0.034697	0.098562	0.080422	1165373.0	1165373.0
46	0.445246	0.113022	0.195881	0.245850	0.276760	0.150085	0.460125	0.195636	0.067407	0.036805	0.279286	0.061749	0.038700	0.017777	0.018709	0.037836	0.034352	0.034519	0.079080	0.047931	0.064191	0.056609	0.041636	0.083414	1165373.0	1165373.0
47	0.204649	0.145710	0.418711	0.230929	0.251049	0.389942	0.183478	0.180898	0.059036	0.034161	0.056457	0.054996	0.055001	0.026800	0.014779	0.049129	0.030346	0.310724	0.037639	0.040003	0.077255	0.045207	0.048705	0.059762	1165373.0	1165373.0
48	0.221638	0.416891	0.157580	0.203890	0.248024	0.110094	0.195776	0.160018	0.063036	0.038687	0.051085	0.068829	0.327369	0.023991	0.021681	0.043850	0.039435	0.022201	0.042220	0.053724	0.058483	0.034501	0.053231	0.057675	1165373.0	1165373.0
49	0.488323	0.119382	0.168217	0.224079	0.277284	0.122992	0.480354	0.187000	0.063907	0.037342	0.328836	0.058238	0.043432	0.020759	0.016967	0.038224	0.033669	0.031323	0.053942	0.049282	0.060818	0.033697	0.035244	0.094321	1165373.0	1165373.0
50	0.201826	0.123120	0.434989	0.240065	0.268706	0.130959	0.216737	0.209997	0.057394	0.034900	0.040864	0.068668	0.037350	0.020486	0.015356	0.049928	0.043811	0.020448	0.074669	0.296061	0.061891	0.058829	0.038591	0.080754	1165373.0	1165373.0
51	0.200446	0.134663	0.169480	0.495411	0.257892	0.085258	0.205363	0.211451	0.056519	0.035794	0.041142	0.066991	0.036052	0.020454	0.017143	0.061014	0.079879	0.019837	0.027823	0.041940	0.061229	0.056830	0.304200	0.073153	1165373.0	1165373.0
52	0.233680	0.132915	0.390308	0.243097	0.311631	0.087815	0.158047	0.207922	0.061331	0.032031	0.038158	0.102160	0.043527	0.021452	0.016572	0.051364	0.033855	0.025086	0.024704	0.306662	0.053407	0.040373	0.054584	0.094733	1165373.0	1165373.0
53	0.192120	0.118943	0.134018	0.554919	0.573791	0.098709	0.153608	0.270518	0.059075	0.032418	0.039514	0.061113	0.039863	0.021468	0.015263	0.042350	0.030926	0.037885	0.024094	0.041114	0.311515	0.064611	0.036704	0.142089	1165373.0	1165373.0
54	0.441378	0.156382	0.115575	0.286665	0.565984	0.095360	0.165260	0.252193	0.065696	0.030402	0.043303	0.301977	0.044439	0.023539	0.023092	0.065311	0.028761	0.021228	0.027501	0.038086	0.077385	0.042416	0.045938	0.120926	1165373.0	1165373.0
55	0.216280	0.117586	0.139834	0.526300	0.591281	0.089773	0.188397	0.224854	0.080717	0.031070	0.033876	0.070618	0.038187	0.019161	0.016004	0.044233	0.040438	0.021240	0.033367	0.044789	0.326438	0.047951	0.038402	0.113509	1165373.0	1165373.0
56	0.485779	0.119423	0.121649	0.273149	0.563366	0.079844	0.434347	0.219962	0.339282	0.032143	0.038990	0.075364	0.048354	0.019250	0.018039	0.033780	0.033342	0.019823	0.022733	0.045752	0.059647	0.077859	0.046569	0.089074	1165373.0	1165373.0
57	0.480626	0.149075	0.126330	0.243969	0.306860	0.091904	0.166756	0.172641	0.067403	0.285857	0.038115	0.089250	0.078365	0.017624	0.017673	0.035413	0.028591	0.023960	0.032647	0.041133	0.070129	0.039527	0.054236	0.080077	1165373.0	1165373.0
58	0.244488	0.366967	0.142671	0.245873	0.291171	0.096152	0.158046	0.416210	0.065467	0.044205	0.034249	0.100567	0.036333	0.019856	0.020093	0.290685	0.034688	0.032561	0.023641	0.051781	0.056952	0.037484	0.083252	0.068185	1165373.0	1165373.0
59	0.193440	0.134106	0.161236	0.511217	0.513768	0.116002	0.163610	0.436759	0.063994	0.037135	0.035562	0.056749	0.035025	0.029047	0.023910	0.046124	0.043457	0.042448	0.020597	0.054734	0.071575	0.040138	0.078055	0.321449	1165373.0	1165373.0
60	0.214052	0.148769	0.158124	0.479056	0.273864	0.095194	0.204483	0.215908	0.079663	0.042571	0.032216	0.059602	0.039776	0.032380	0.013737	0.062875	0.072909	0.029382	0.019695	0.036138	0.066044	0.052097	0.292360	0.068556	1165373.0	1165373.0
61	0.258392	0.156430	0.358008	0.227170	0.299644	0.109255	0.208610	0.204392	0.115378	0.039798	0.043750	0.059466	0.046916	0.048061	0.016761	0.044691	0.028122	0.023073	0.021360	0.285453	0.063446	0.050285	0.052085	0.061355	1165373.0	1165373.0
62	0.253862	0.161218	0.133955	0.450965	0.243998	0.118039	0.213744	0.180775	0.068423	0.053586	0.077410	0.054443	0.046252	0.049286	0.022916	0.042764	0.042688	0.020615	0.025223	0.045430	0.064300	0.031892	0.297940	0.056833	1165373.0	1165373.0
63	0.221662	0.155379	0.423489	0.199470	0.275618	0.115132	0.226399	0.178217	0.081836	0.032078	0.036218	0.071530	0.060090	0.036221	0.017550	0.041518	0.072323	0.025340	0.036022	0.289805	0.062479	0.040705	0.036514	0.059773	1165373.0	1165373.0
64	0.276728	0.134343	0.126303	0.462626	0.325186	0.083516	0.228299	0.168367	0.116001	0.037632	0.055985	0.067111	0.050052	0.019849	0.017056	0.047386	0.030398	0.020695	0.025915	0.049295	0.075410	0.034467	0.286084	0.066664	1165373.0	1165373.0
65	0.271861	0.112643	0.385041	0.230456	0.317666	0.090030	0.250056	0.172854	0.118000	0.030671	0.054832	0.068358	0.039285	0.020635	0.015009	0.037714	0.048251	0.025414	0.028973	0.282403	0.053071	0.036268	0.062879	0.078237	1165373.0	1165373.0
66	0.258607	0.112988	0.161693	0.466712	0.324448	0.106827	0.248718	0.182856	0.125841	0.040330	0.038965	0.053470	0.037715	0.021441	0.017394	0.036437	0.043245	0.027325	0.040666	0.050457	0.059478	0.039320	0.282256	0.085658	1165373.0	1165373.0
67	0.266280	0.128416	0.379281	0.226023	0.290996	0.356798	0.431679	0.184451	0.067414	0.074066	0.045295	0.079505	0.042101	0.025099	0.027064	0.034152	0.038749	0.024414	0.280221	0.035898	0.059111	0.040233	0.041713	0.084967	1165373.0	1165373.0
68	0.207374	0.163811	0.394294	0.234521	0.299260	0.152885	0.178906	0.189962	0.071608	0.028432	0.031341	0.075993	0.039188	0.028934	0.059851	0.035837	0.040123	0.028266	0.035834	0.290071	0.062475	0.036006	0.046855	0.089184	1165373.0	1165373.0
69	0.213394	0.121638	0.173882	0.491086	0.524650	0.088909	0.219321	0.400165	0.075720	0.036248	0.034967	0.066459	0.035178	0.018117	0.024749	0.043594	0.086204	0.023613	0.022430	0.041635	0.073645	0.029628	0.078986	0.308826	1165373.0	1165373.0
70	0.270748	0.107607	0.161132	0.460514	0.576814	0.102982	0.215313	0.407204	0.114176	0.040094	0.044774	0.071703	0.037291	0.020810	0.015542	0.033964	0.034471	0.044739	0.021892	0.060030	0.066628	0.028124	0.041455	0.324306	1165373.0	1165373.0
71	0.252567	0.133767	0.123663	0.490003	0.519730	0.085496	0.206048	0.171319	0.060165	0.048118	0.079840	0.064444	0.041692	0.021439	0.017285	0.053350	0.044859	0.025587	0.021185	0.032033	0.325503	0.026911	0.067971	0.069618	1165373.0	1165373.0
72	0.472219	0.122055	0.186281	0.219445	0.298984	0.074257	0.496509	0.164621	0.081416	0.040862	0.283533	0.066408	0.046407	0.017865	0.013247	0.044536	0.109217	0.020803	0.022342	0.033919	0.079421	0.030481	0.037803	0.071739	1165373.0	1165373.0
73	0.316462	0.110010	0.356926	0.216602	0.358620	0.080251	0.226221	0.167116	0.128259	0.057689	0.043110	0.087405	0.042037	0.020018	0.014300	0.033655	0.030268	0.021348	0.024585	0.280726	0.065227	0.035713	0.037932	0.077730	1165373.0	1165373.0
74	0.265790	0.134767	0.119927	0.479515	0.274824	0.100164	0.169443	0.192233	0.068772	0.096509	0.044640	0.055870	0.041177	0.028145	0.025737	0.039708	0.036378	0.026630	0.019653	0.037266	0.072693	0.046891	0.282442	0.077489	1165373.0	1165373.0
75	0.219021	0.198174	0.372471	0.210334	0.286073	0.373992	0.185420	0.191390	0.080389	0.044624	0.033944	0.060063	0.063290	0.023991	0.059633	0.051260	0.050187	0.269468	0.020899	0.031917	0.062100	0.032618	0.032094	0.083521	1165373.0	1165373.0
76	0.255966	0.370702	0.146571	0.226761	0.304560	0.328061	0.214022	0.173396	0.078996	0.054642	0.043500	0.078828	0.048178	0.020950	0.263670	0.037904	0.072461	0.024377	0.019064	0.030669	0.076150	0.043956	0.036069	0.070586	1165373.0	1165373.0
77	0.275785	0.143925	0.362304	0.217987	0.336245	0.352451	0.457387	0.202142	0.123325	0.041666	0.039327	0.071466	0.032421	0.044423	0.014737	0.052344	0.026881	0.025438	0.267853	0.042132	0.071948	0.035869	0.040663	0.069507	1165373.0	1165373.0
78	0.254575	0.147397	0.362581	0.235447	0.353141	0.091765	0.155481	0.188965	0.070002	0.032324	0.032516	0.119733	0.057383	0.031539	0.017446	0.041028	0.031828	0.021645	0.021134	0.287973	0.078329	0.031322	0.040720	0.085076	1165373.0	1165373.0
79	0.237544	0.116830	0.111816	0.533810	0.339697	0.087680	0.148067	0.433918	0.064361	0.052252	0.035749	0.085182	0.040372	0.031239	0.013201	0.032019	0.028583	0.023866	0.019374	0.039992	0.112713	0.293219	0.050437	0.077441	1165373.0	1165373.0
80	0.246029	0.400576	0.118761	0.234635	0.333673	0.117887	0.149096	0.179208	0.064228	0.032420	0.036131	0.113250	0.298953	0.030947	0.032471	0.038204	0.029196	0.034926	0.019542	0.035097	0.075888	0.029749	0.048690	0.080307	1165373.0	1165373.0
81	0.468265	0.128042	0.136834	0.266859	0.549838	0.089836	0.172966	0.185811	0.065917	0.035829	0.036581	0.329938	0.035120	0.031295	0.014593	0.047035	0.045880	0.019360	0.024589	0.047006	0.075559	0.029059	0.083818	0.078423	1165373.0	1165373.0
82	0.222476	0.115542	0.159580	0.502401	0.546060	0.076821	0.187689	0.439547	0.069145	0.028252	0.058482	0.066598	0.048052	0.021649	0.014180	0.031662	0.038268	0.019197	0.021795	0.080320	0.059927	0.035846	0.056239	0.350390	1165373.0	1165373.0
83	0.215391	0.104944	0.150695	0.528970	0.589352	0.091131	0.178309	0.474180	0.064279	0.032245	0.034071	0.084795	0.035860	0.022394	0.015605	0.031085	0.055549	0.028723	0.024409	0.042014	0.064663	0.045086	0.043606	0.375615	1165373.0	1165373.0
84	0.220350	0.128448	0.117692	0.533510	0.342225	0.097030	0.177995	0.478485	0.082866	0.031695	0.036395	0.069394	0.037876	0.022201	0.024424	0.043946	0.030433	0.022104	0.028301	0.036854	0.077189	0.299562	0.043983	0.112776	1165373.0	1165373.0
85	0.228365	0.375561	0.133103	0.262971	0.298414	0.327949	0.183265	0.441914	0.064841	0.029681	0.050555	0.083288	0.035795	0.269719	0.013293	0.056754	0.044026	0.021095	0.023843	0.044140	0.069459	0.034616	0.078070	0.080826	1165373.0	1165373.0
86	0.214122	0.355109	0.165761	0.265008	0.328930	0.076825	0.180867	0.200854	0.080818	0.027685	0.033727	0.071892	0.283003	0.020997	0.014232	0.036877	0.046491	0.021765	0.019831	0.077674	0.084950	0.051710	0.037078	0.091270	1165373.0	1165373.0
87	0.495261	0.122156	0.104869	0.277714	0.364416	0.078757	0.147693	0.178121	0.063728	0.301968	0.032303	0.097262	0.044307	0.019873	0.017379	0.040597	0.031451	0.021294	0.020211	0.031913	0.120790	0.035015	0.039273	0.082635	1165373.0	1165373.0
88	0.260275	0.378150	0.109166	0.252408	0.352254	0.082140	0.146969	0.431359	0.065312	0.035095	0.033285	0.126583	0.047126	0.030643	0.012686	0.287696	0.029346	0.019786	0.019026	0.041008	0.080948	0.033610	0.058440	0.079411	1165373.0	1165373.0
89	0.222732	0.119134	0.123437	0.534697	0.607573	0.072036	0.156799	0.473847	0.077833	0.031973	0.029822	0.083104	0.042288	0.020040	0.013051	0.043755	0.030038	0.019839	0.019106	0.054454	0.080284	0.043700	0.044361	0.366352	1165373.0	1165373.0
90	0.230442	0.115553	0.106340	0.547665	0.312578	0.070311	0.157162	0.213758	0.070967	0.031594	0.038317	0.089564	0.042819	0.018200	0.014656	0.039877	0.028456	0.018033	0.019421	0.040430	0.084416	0.088049	0.307568	0.067632	1165373.0	1165373.0
91	0.226658	0.155876	0.379963	0.237502	0.297137	0.345729	0.443073	0.165920	0.077432	0.037445	0.042820	0.068962	0.088430	0.020200	0.012946	0.034301	0.028779	0.018541	0.294042	0.038601	0.068881	0.029558	0.057201	0.081862	1165373.0	1165373.0
92	0.263522	0.105743	0.407010	0.223726	0.330414	0.116038	0.465825	0.167110	0.108417	0.029221	0.044831	0.081053	0.040741	0.017922	0.013449	0.033630	0.274951	0.047041	0.037626	0.047392	0.066979	0.041592	0.041190	0.073965	1165373.0	1165373.0
93	0.491088	0.135775	0.137096	0.236040	0.531866	0.091938	0.215843	0.190416	0.073334	0.031078	0.078231	0.308445	0.056358	0.030265	0.016007	0.033146	0.042210	0.023598	0.022068	0.049220	0.068675	0.045595	0.040360	0.081411	1165373.0	1165373.0
94	0.240577	0.130535	0.156666	0.472222	0.536619	0.095516	0.225455	0.186418	0.072316	0.033004	0.056524	0.078733	0.031940	0.030816	0.021269	0.046510	0.076245	0.023062	0.020369	0.036989	0.314205	0.037726	0.048926	0.071365	1165373.0	1165373.0
95	0.494706	0.124608	0.147089	0.233597	0.561069	0.083245	0.409878	0.186545	0.316334	0.029262	0.036381	0.112729	0.040699	0.020051	0.017756	0.046103	0.037905	0.026180	0.019257	0.063745	0.057647	0.046031	0.055560	0.074360	1165373.0	1165373.0
96	0.452585	0.121524	0.128954	0.296937	0.284161	0.104612	0.169126	0.252274	0.069184	0.281000	0.035736	0.066664	0.031032	0.031443	0.022873	0.036176	0.044591	0.030680	0.019615	0.034068	0.067239	0.103581	0.045043	0.081074	1165373.0	1165373.0
97	0.212045	0.446705	0.123268	0.217982	0.286840	0.416685	0.159308	0.242207	0.080060	0.037318	0.030159	0.064509	0.054198	0.095079	0.263313	0.034115	0.027405	0.036609	0.021684	0.037570	0.069166	0.039908	0.035802	0.073105	1165373.0	1165373.0
98	0.230829	0.208913	0.350958	0.209300	0.292859	0.127787	0.157767	0.234753	0.077923	0.039110	0.029956	0.083840	0.061354	0.068962	0.013557	0.065040	0.026626	0.022005	0.023262	0.279065	0.062637	0.032291	0.045912	0.068460	1165373.0	1165373.0
99	0.228539	0.162369	0.112688	0.496405	0.549246	0.080421	0.170327	0.210461	0.083180	0.030842	0.037442	0.077075	0.039710	0.021202	0.014582	0.086875	0.027795	0.022728	0.021910	0.040255	0.322537	0.035930	0.071484	0.066454	1165373.0	1165373.0
100	0.473222	0.110702	0.145417	0.270659	0.328896	0.079771	0.161846	0.168591	0.063320	0.290765	0.033439	0.085698	0.038449	0.018333	0.014927	0.038993	0.045953	0.027377	0.019135	0.052953	0.106194	0.037580	0.053200	0.073685	1165373.0	1165373.0
101	0.253916	0.374055	0.120700	0.251328	0.272201	0.079265	0.160265	0.433227	0.074130	0.082290	0.036889	0.060606	0.038411	0.020352	0.016437	0.298855	0.031058	0.024288	0.018188	0.047167	0.064123	0.040677	0.073186	0.073342	1165373.0	1165373.0
102	0.207721	0.167607	0.144700	0.479971	0.532599	0.098193	0.169755	0.445407	0.078482	0.031000	0.036910	0.061330	0.033961	0.019722	0.035796	0.078128	0.035092	0.023403	0.019271	0.066935	0.076199	0.030969	0.056215	0.316588	1165373.0	1165373.0
103	0.223734	0.105093	0.148193	0.522980	0.608166	0.083516	0.187753	0.420005	0.078510	0.034971	0.036504	0.073748	0.033442	0.020461	0.014016	0.037174	0.043976	0.020277	0.028762	0.055178	0.125033	0.031495	0.035577	0.330874	1165373.0	1165373.0
104	0.280962	0.107204	0.114859	0.496975	0.575792	0.076503	0.238319	0.450642	0.132471	0.032145	0.056194	0.060152	0.031645	0.023867	0.015242	0.036450	0.031048	0.018788	0.018605	0.046418	0.062128	0.069283	0.044522	0.321042	1165373.0	1165373.0
105	0.257292	0.144083	0.134564	0.464062	0.552104	0.113630	0.238592	0.431434	0.119735	0.030898	0.053305	0.053354	0.031210	0.026144	0.037921	0.048808	0.039569	0.023582	0.025983	0.045429	0.060668	0.038135	0.046912	0.318347	1165373.0	1165373.0
106	0.251182	0.118759	0.164121	0.465938	0.556617	0.113769	0.208930	0.165290	0.104220	0.037863	0.037583	0.071517	0.035773	0.019061	0.025976	0.037948	0.046123	0.047728	0.021004	0.049266	0.315701	0.043101	0.041957	0.065180	1165373.0	1165373.0
107	0.501817	0.147753	0.126519	0.223911	0.313687	0.105991	0.424707	0.193785	0.076612	0.039301	0.289122	0.096782	0.047815	0.020994	0.030328	0.048615	0.036153	0.031849	0.022819	0.035698	0.057491	0.041374	0.042245	0.082802	1165373.0	1165373.0
108	0.218071	0.133518	0.384515	0.263897	0.296170	0.083699	0.183993	0.230913	0.069283	0.051906	0.040069	0.056814	0.038804	0.024249	0.014399	0.056066	0.052530	0.022939	0.022112	0.286933	0.062450	0.042974	0.050848	0.107624	1165373.0	1165373.0
109	0.223067	0.142069	0.127428	0.507437	0.270209	0.103853	0.171636	0.224771	0.074675	0.039296	0.035092	0.074005	0.052229	0.037229	0.014740	0.037870	0.030133	0.020147	0.031737	0.045411	0.063263	0.091405	0.294502	0.058266	1165373.0	1165373.0
110	0.220299	0.188077	0.376071	0.215552	0.291907	0.349446	0.175381	0.212410	0.075514	0.031328	0.035118	0.078340	0.086134	0.020597	0.013871	0.067475	0.029463	0.279692	0.035287	0.031630	0.055742	0.042027	0.035473	0.082311	1165373.0	1165373.0
111	0.246852	0.373643	0.119748	0.259756	0.344972	0.344923	0.173193	0.417586	0.071454	0.033734	0.040119	0.101545	0.046587	0.264346	0.025796	0.036914	0.031084	0.024244	0.030537	0.033884	0.091713	0.036066	0.051717	0.080260	1165373.0	1165373.0
112	0.240837	0.358390	0.148170	0.252603	0.329359	0.355471	0.174565	0.463393	0.085655	0.050757	0.033572	0.070853	0.033751	0.271016	0.013362	0.040261	0.028116	0.043871	0.027221	0.048961	0.065675	0.044940	0.034812	0.107176	1165373.0	1165373.0
113	0.213197	0.410584	0.108968	0.267251	0.292487	0.112758	0.164795	0.485941	0.079303	0.038927	0.034797	0.060170	0.055117	0.035730	0.034307	0.285430	0.027391	0.019416	0.023304	0.038856	0.064708	0.076475	0.037761	0.088306	1165373.0	1165373.0
114	0.226520	0.170549	0.130169	0.472762	0.286019	0.130715	0.177540	0.477111	0.071129	0.041423	0.056252	0.057715	0.041530	0.071855	0.016250	0.040914	0.028954	0.021406	0.021204	0.058605	0.069392	0.276559	0.039029	0.087783	1165373.0	1165373.0
115	0.211005	0.411243	0.132735	0.245018	0.278899	0.134078	0.172848	0.464561	0.071852	0.039342	0.034937	0.064874	0.049249	0.059893	0.011261	0.290839	0.034670	0.031535	0.031389	0.035142	0.065944	0.037599	0.065245	0.076230	1165373.0	1165373.0
116	0.221714	0.168369	0.142832	0.467084	0.288196	0.094814	0.187159	0.222839	0.074509	0.032705	0.043441	0.071060	0.041935	0.020345	0.025250	0.080838	0.049063	0.029073	0.020145	0.044551	0.064087	0.043115	0.281342	0.078541	1165373.0	1165373.0
117	0.229594	0.125238	0.370178	0.274989	0.293172	0.339863	0.423900	0.237931	0.087463	0.043712	0.036877	0.061542	0.031918	0.025363	0.014824	0.053134	0.030734	0.030850	0.268826	0.039768	0.071321	0.086588	0.044234	0.072846	1165373.0	1165373.0
118	0.221436	0.186513	0.364761	0.227290	0.253526	0.084801	0.439464	0.215425	0.067130	0.030762	0.066929	0.056614	0.057592	0.019177	0.023572	0.086172	0.281907	0.018555	0.023498	0.040802	0.064244	0.044539	0.052971	0.065537	1165373.0	1165373.0
119	0.470873	0.113032	0.166970	0.249125	0.502957	0.108811	0.461313	0.193860	0.316747	0.042658	0.044850	0.066618	0.046732	0.017386	0.014026	0.034888	0.044200	0.021883	0.055516	0.045370	0.059046	0.081040	0.048493	0.060545	1165373.0	1165373.0
120	0.466725	0.162968	0.162885	0.207422	0.525037	0.121212	0.204167	0.157566	0.072207	0.033961	0.043876	0.316681	0.087442	0.022404	0.015509	0.037613	0.043036	0.038250	0.045048	0.036551	0.067842	0.029242	0.042031	0.068307	1165373.0	1165373.0
121	0.270526	0.123857	0.146465	0.459152	0.519711	0.093486	0.225699	0.441028	0.068521	0.045899	0.078292	0.077815	0.038776	0.019287	0.014332	0.051462	0.051680	0.032661	0.027206	0.034918	0.054930	0.051832	0.033944	0.318446	1165373.0	1165373.0
122	0.213907	0.149680	0.153773	0.482640	0.542927	0.085796	0.194345	0.424699	0.069784	0.031423	0.032530	0.080169	0.061322	0.022375	0.019281	0.046703	0.073556	0.025666	0.018475	0.036077	0.068999	0.031647	0.058019	0.323975	1165373.0	1165373.0
123	0.273661	0.111110	0.128305	0.486924	0.610931	0.099609	0.187599	0.416425	0.077401	0.034168	0.039898	0.122193	0.041779	0.021224	0.015205	0.032903	0.026696	0.019577	0.043604	0.038428	0.083952	0.034913	0.040674	0.327385	1165373.0	1165373.0
124	0.229828	0.109882	0.139380	0.520910	0.593242	0.086828	0.186421	0.164415	0.065401	0.035450	0.037769	0.091209	0.042640	0.018191	0.014703	0.034348	0.052611	0.023293	0.030641	0.032836	0.353519	0.028762	0.055514	0.083114	1165373.0	1165373.0
125	0.514170	0.105696	0.138628	0.241506	0.338969	0.079085	0.439480	0.161457	0.086580	0.036152	0.285352	0.106086	0.035190	0.017915	0.014528	0.038062	0.040694	0.019789	0.026853	0.051292	0.071163	0.030341	0.064862	0.075139	1165373.0	1165373.0
126	0.233628	0.104197	0.391597	0.270579	0.335777	0.088554	0.437230	0.196387	0.079287	0.044927	0.035414	0.073999	0.031400	0.015879	0.013872	0.043045	0.297227	0.033501	0.025302	0.035567	0.074694	0.029666	0.058422	0.107796	1165373.0	1165373.0
127	0.482608	0.123973	0.133011	0.260408	0.514382	0.095738	0.207636	0.186965	0.080605	0.039889	0.053030	0.309083	0.037220	0.027200	0.014074	0.045480	0.038982	0.019446	0.035018	0.039564	0.059879	0.049470	0.086244	0.064815	1165373.0	1165373.0
128	0.216686	0.136005	0.188366	0.458942	0.284351	0.114759	0.242483	0.153882	0.077524	0.041998	0.032911	0.064253	0.068932	0.017464	0.012865	0.036744	0.068824	0.021207	0.063224	0.035112	0.074790	0.031889	0.284479	0.067784	1165373.0	1165373.0
129	0.290070	0.112558	0.393478	0.203894	0.333976	0.078339	0.236100	0.159826	0.105939	0.052638	0.038756	0.092737	0.037633	0.018175	0.017100	0.039649	0.071284	0.022942	0.020121	0.279131	0.064250	0.030951	0.037642	0.071050	1165373.0	1165373.0
130	0.279106	0.124707	0.113619	0.482567	0.569145	0.073411	0.192311	0.207516	0.067447	0.031446	0.067722	0.112492	0.040157	0.019553	0.015232	0.049765	0.037363	0.018847	0.019779	0.037630	0.309261	0.058253	0.035109	0.079945	1165373.0	1165373.0
131	0.454228	0.128098	0.137842	0.279832	0.578170	0.087955	0.445880	0.243003	0.326057	0.036660	0.037213	0.054298	0.036137	0.034154	0.012373	0.045434	0.061613	0.020431	0.020997	0.034801	0.071588	0.037188	0.044829	0.126227	1165373.0	1165373.0
132	0.495395	0.128433	0.115412	0.260760	0.318677	0.075444	0.419969	0.213913	0.067853	0.069152	0.291039	0.067351	0.048665	0.023164	0.013812	0.042791	0.040076	0.017467	0.021001	0.036869	0.066275	0.030760	0.046528	0.117198	1165373.0	1165373.0
133	0.222869	0.140543	0.372379	0.264209	0.322324	0.101010	0.420892	0.229920	0.071871	0.055585	0.037552	0.057860	0.042344	0.026773	0.014748	0.056678	0.279844	0.027865	0.031624	0.033046	0.075179	0.029055	0.042561	0.117414	1165373.0	1165373.0
134	0.469239	0.139277	0.126486	0.264998	0.568218	0.106744	0.173956	0.170215	0.067958	0.042474	0.053025	0.305782	0.047895	0.029861	0.020972	0.040549	0.032126	0.035063	0.020847	0.038449	0.121474	0.026800	0.043720	0.073005	1165373.0	1165373.0
135	0.269453	0.134198	0.138564	0.457785	0.297532	0.111508	0.245871	0.437432	0.088279	0.031574	0.087065	0.062535	0.032870	0.027826	0.016098	0.057404	0.031481	0.028537	0.039047	0.039500	0.070254	0.275737	0.035329	0.076464	1165373.0	1165373.0
136	0.222884	0.363674	0.177539	0.235903	0.318615	0.129679	0.218466	0.179462	0.078265	0.031716	0.033546	0.079357	0.294678	0.017360	0.016509	0.035127	0.043101	0.032257	0.063553	0.038628	0.073024	0.039006	0.035904	0.087969	1165373.0	1165373.0
137	0.489068	0.120338	0.149513	0.241081	0.579744	0.122634	0.197546	0.176798	0.103741	0.035821	0.041721	0.307786	0.045159	0.017578	0.023416	0.034186	0.033449	0.063005	0.018635	0.034423	0.071000	0.027817	0.045047	0.097218	1165373.0	1165373.0
138	0.253349	0.144221	0.128818	0.473612	0.332308	0.077175	0.198498	0.180680	0.094819	0.032346	0.050700	0.075485	0.077616	0.017004	0.012464	0.037137	0.035150	0.029878	0.017829	0.045960	0.063048	0.027583	0.284025	0.098957	1165373.0	1165373.0
139	0.270633	0.106810	0.365018	0.257539	0.281325	0.084825	0.222331	0.172799	0.080048	0.039015	0.090222	0.061348	0.032776	0.017302	0.024222	0.032511	0.027641	0.018881	0.024421	0.294076	0.065130	0.048187	0.069422	0.074799	1165373.0	1165373.0
140	0.205595	0.123385	0.208287	0.462733	0.521818	0.100754	0.186425	0.193872	0.065914	0.031648	0.040611	0.067422	0.033158	0.022390	0.014578	0.053258	0.035753	0.019638	0.044147	0.108748	0.309137	0.038878	0.035373	0.079345	1165373.0	1165373.0
141	0.443962	0.112555	0.134710	0.308774	0.328272	0.080212	0.432380	0.211288	0.061348	0.035393	0.289136	0.058085	0.038812	0.022680	0.016031	0.035031	0.059218	0.018822	0.022679	0.033991	0.086696	0.031434	0.068502	0.122143	1165373.0	1165373.0
142	0.246074	0.108329	0.396347	0.249250	0.303922	0.083766	0.183427	0.158622	0.084011	0.045566	0.032067	0.084430	0.040421	0.017693	0.017829	0.032386	0.045373	0.026269	0.021976	0.302729	0.058991	0.032052	0.081716	0.076491	1165373.0	1165373.0
143	0.228796	0.121580	0.153588	0.496036	0.554952	0.076152	0.154243	0.444366	0.071854	0.041951	0.034113	0.080879	0.037301	0.017867	0.018285	0.048127	0.028953	0.020677	0.019323	0.084635	0.060967	0.037119	0.056698	0.341252	1165373.0	1165373.0
144	0.199074	0.117614	0.128419	0.554893	0.563590	0.071136	0.157856	0.168223	0.069771	0.029696	0.036385	0.063223	0.054119	0.016687	0.013095	0.033712	0.033567	0.023220	0.018133	0.053499	0.349545	0.036772	0.087525	0.081051	1165373.0	1165373.0
145	0.507002	0.106375	0.155138	0.231485	0.566477	0.075021	0.200511	0.171140	0.085434	0.041937	0.056820	0.322810	0.038960	0.022887	0.012202	0.032326	0.038752	0.020427	0.019504	0.076455	0.074856	0.032550	0.040702	0.083377	1165373.0	1165373.0
146	0.238002	0.117801	0.129229	0.514968	0.571772	0.074883	0.184399	0.166533	0.074686	0.043403	0.055338	0.064575	0.046810	0.019703	0.013199	0.038089	0.032862	0.020467	0.021514	0.054386	0.352705	0.028935	0.053522	0.079806	1165373.0	1165373.0
147	0.507063	0.112508	0.143573	0.236856	0.332687	0.078311	0.457633	0.196783	0.113169	0.044439	0.286434	0.063020	0.032682	0.020590	0.013801	0.045435	0.034586	0.020477	0.023443	0.065067	0.061103	0.035363	0.044995	0.095395	1165373.0	1165373.0
148	0.241541	0.120869	0.368673	0.268917	0.286240	0.346616	0.173801	0.211990	0.074411	0.075903	0.032910	0.058318	0.037075	0.017521	0.024306	0.041966	0.028605	0.266912	0.037876	0.035281	0.056953	0.055943	0.059463	0.096559	1165373.0	1165373.0
149	0.197042	0.416280	0.154555	0.232123	0.282498	0.133718	0.184005	0.176513	0.065830	0.029942	0.039195	0.062075	0.290803	0.022407	0.058406	0.044663	0.056502	0.030426	0.022478	0.045149	0.076974	0.031823	0.045706	0.077619	1165373.0	1165373.0
150	0.490110	0.114599	0.165786	0.229505	0.557582	0.071937	0.226591	0.186136	0.074807	0.030262	0.048704	0.336338	0.038950	0.017085	0.012006	0.046558	0.083400	0.023166	0.019680	0.039539	0.069452	0.045507	0.037561	0.076986	1165373.0	1165373.0
151	0.266608	0.116020	0.117951	0.499421	0.594623	0.090264	0.213924	0.175428	0.129834	0.031032	0.037364	0.068378	0.039371	0.029162	0.014006	0.033480	0.028429	0.028799	0.018297	0.042427	0.326267	0.042641	0.060369	0.070144	1165373.0	1165373.0
152	0.523901	0.131634	0.130036	0.214429	0.595863	0.097402	0.467523	0.187825	0.381239	0.032930	0.033972	0.075759	0.041381	0.028267	0.016615	0.045371	0.030014	0.030221	0.022298	0.047502	0.057902	0.033225	0.042340	0.080962	1165373.0	1165373.0
153	0.510536	0.124643	0.115226	0.249595	0.611686	0.074568	0.403134	0.212684	0.317669	0.034110	0.029616	0.129141	0.047476	0.021825	0.012576	0.042767	0.034246	0.018563	0.021603	0.040814	0.058851	0.042067	0.042652	0.106025	1165373.0	1165373.0
154	0.458241	0.116565	0.106447	0.318746	0.554977	0.072995	0.167106	0.247528	0.066372	0.027770	0.048457	0.315643	0.035788	0.016703	0.016739	0.047336	0.031632	0.018907	0.020646	0.035263	0.064750	0.075277	0.070507	0.108212	1165373.0	1165373.0
155	0.198542	0.138657	0.156348	0.506453	0.537884	0.099831	0.173702	0.500105	0.066140	0.029544	0.034552	0.068305	0.029629	0.018693	0.012512	0.077823	0.037580	0.033196	0.035430	0.050142	0.063183	0.063334	0.039681	0.340255	1165373.0	1165373.0
156	0.196533	0.144767	0.122175	0.536525	0.559353	0.089804	0.144848	0.507205	0.061986	0.033210	0.037720	0.063617	0.038294	0.021330	0.015262	0.069881	0.028001	0.036072	0.017140	0.040961	0.061396	0.043639	0.059136	0.372355	1165373.0	1165373.0
157	0.189677	0.134251	0.129258	0.546814	0.533782	0.080510	0.149736	0.459007	0.063011	0.034651	0.033862	0.058154	0.059350	0.019777	0.019971	0.035152	0.030274	0.018173	0.022588	0.058223	0.079290	0.070750	0.063447	0.333328	1165373.0	1165373.0
158	0.231925	0.143351	0.139869	0.484856	0.324470	0.086768	0.181805	0.415198	0.097983	0.034859	0.031042	0.068040	0.079423	0.020902	0.012334	0.030691	0.029076	0.029827	0.023704	0.057261	0.078142	0.283299	0.043110	0.080306	1165373.0	1165373.0
159	0.284624	0.368888	0.110190	0.236298	0.357551	0.085040	0.175053	0.431846	0.088444	0.053139	0.036294	0.106747	0.036145	0.023545	0.016932	0.292266	0.029490	0.023737	0.020825	0.036138	0.078371	0.032046	0.041891	0.083989	1165373.0	1165373.0
160	0.232450	0.132468	0.115942	0.519139	0.361580	0.078706	0.179488	0.181635	0.091215	0.032461	0.034015	0.074760	0.057458	0.018143	0.014911	0.041957	0.035143	0.026537	0.019115	0.035147	0.104406	0.030336	0.293198	0.091199	1165373.0	1165373.0
161	0.288222	0.107477	0.361239	0.243062	0.349649	0.075959	0.440690	0.172395	0.100470	0.046716	0.035404	0.105631	0.036006	0.019483	0.011786	0.040202	0.281964	0.021838	0.022852	0.034585	0.063735	0.032897	0.066617	0.079813	1165373.0	1165373.0
162	0.482175	0.120934	0.136659	0.260232	0.530666	0.107197	0.177949	0.164959	0.059614	0.039482	0.059372	0.323708	0.047435	0.020610	0.013108	0.039780	0.029201	0.043716	0.029762	0.033980	0.072287	0.029511	0.083376	0.075058	1165373.0	1165373.0
163	0.208537	0.133319	0.185619	0.472526	0.538217	0.123110	0.175148	0.186128	0.067852	0.030029	0.037362	0.073293	0.046521	0.020907	0.015604	0.050287	0.049666	0.066331	0.020268	0.049354	0.313830	0.031692	0.043762	0.083242	1165373.0	1165373.0
164	0.477868	0.148958	0.116997	0.256176	0.290371	0.078166	0.179523	0.180288	0.081485	0.294932	0.044502	0.056949	0.079661	0.020291	0.014033	0.034972	0.034317	0.024623	0.019219	0.038838	0.076083	0.049171	0.055069	0.075853	1165373.0	1165373.0
165	0.271547	0.389018	0.132823	0.206613	0.283931	0.096672	0.221920	0.181066	0.084682	0.040782	0.075224	0.070859	0.292850	0.039209	0.013646	0.043313	0.039883	0.021686	0.022131	0.049123	0.062870	0.033023	0.045199	0.065521	1165373.0	1165373.0
166	0.480284	0.134699	0.156201	0.228816	0.561047	0.078790	0.219816	0.167054	0.081449	0.032697	0.033965	0.332173	0.067201	0.018177	0.012751	0.036570	0.075408	0.018868	0.028994	0.032931	0.078517	0.043399	0.037992	0.068908	1165373.0	1165373.0
167	0.302575	0.113141	0.113703	0.470582	0.369930	0.067796	0.199224	0.159031	0.088287	0.037661	0.051013	0.125615	0.047167	0.017041	0.014898	0.034035	0.041329	0.017262	0.018595	0.036516	0.080931	0.032857	0.281695	0.075098	1165373.0	1165373.0
168	0.257714	0.104821	0.366201	0.271263	0.351447	0.319058	0.426318	0.169714	0.074886	0.040385	0.051357	0.091086	0.038124	0.017636	0.011922	0.037140	0.029800	0.019226	0.270275	0.046900	0.106408	0.035871	0.049917	0.079067	1165373.0	1165373.0
169	0.249218	0.113118	0.383470	0.254193	0.368395	0.075380	0.181350	0.208333	0.079804	0.032051	0.039213	0.098150	0.044998	0.019164	0.012497	0.036459	0.039375	0.020762	0.022957	0.300377	0.066742	0.029011	0.034741	0.123699	1165373.0	1165373.0
170	0.230919	0.100987	0.109409	0.558685	0.378833	0.074839	0.157161	0.232344	0.065268	0.045749	0.042072	0.077831	0.034994	0.016215	0.014963	0.034815	0.028296	0.022135	0.021526	0.037452	0.087339	0.032918	0.290032	0.148395	1165373.0	1165373.0
171	0.215897	0.117017	0.368592	0.298494	0.337553	0.079376	0.181496	0.219480	0.080313	0.034892	0.039816	0.060876	0.033541	0.019164	0.015054	0.049259	0.039349	0.023141	0.022018	0.284084	0.074090	0.028783	0.073347	0.122274	1165373.0	1165373.0
172	0.227293	0.105980	0.150234	0.516493	0.544097	0.086251	0.176948	0.165396	0.064777	0.039354	0.052822	0.070341	0.035620	0.018718	0.012222	0.039419	0.037932	0.033894	0.021417	0.056991	0.331833	0.030111	0.077402	0.077147	1165373.0	1165373.0
173	0.470162	0.122078	0.163863	0.243898	0.557408	0.082889	0.428363	0.197768	0.324800	0.043722	0.036074	0.065566	0.032826	0.022408	0.018458	0.048385	0.047449	0.021984	0.020040	0.074390	0.073197	0.033130	0.043726	0.093845	1165373.0	1165373.0
174	0.478273	0.121244	0.118298	0.282186	0.350296	0.094694	0.188027	0.208385	0.090175	0.284823	0.037270	0.066004	0.039048	0.031032	0.014793	0.036370	0.031670	0.019958	0.028912	0.037759	0.081619	0.028484	0.059585	0.112499	1165373.0	1165373.0
175	0.242512	0.364296	0.140560	0.252632	0.300928	0.093205	0.180339	0.417156	0.067143	0.034652	0.046305	0.094412	0.037736	0.030517	0.013757	0.282286	0.036720	0.018761	0.030171	0.054909	0.069549	0.034529	0.078730	0.069824	1165373.0	1165373.0
176	0.211148	0.118458	0.168963	0.501431	0.291242	0.083508	0.152765	0.196589	0.067605	0.042267	0.038658	0.062618	0.045222	0.018614	0.012129	0.042494	0.027975	0.034238	0.018527	0.088223	0.065115	0.039578	0.300834	0.095904	1165373.0	1165373.0
177	0.205916	0.134697	0.370148	0.289239	0.317255	0.079646	0.398188	0.207255	0.068824	0.031548	0.030970	0.074574	0.056943	0.018438	0.015008	0.044308	0.276840	0.024646	0.021554	0.047109	0.063901	0.034553	0.080829	0.109956	1165373.0	1165373.0
178	0.466508	0.109185	0.148361	0.275946	0.565731	0.071033	0.165728	0.221302	0.066205	0.034204	0.047819	0.318280	0.036552	0.020891	0.012453	0.039289	0.034747	0.020732	0.016957	0.075925	0.073333	0.053209	0.041491	0.107913	1165373.0	1165373.0
179	0.210837	0.129036	0.118720	0.541407	0.594158	0.085189	0.159955	0.230272	0.071786	0.043845	0.033115	0.062092	0.053774	0.020206	0.016388	0.038668	0.039066	0.032608	0.015988	0.031058	0.319064	0.030181	0.050945	0.141217	1165373.0	1165373.0
180	0.483690	0.126839	0.116436	0.273035	0.532488	0.083814	0.431142	0.178716	0.316879	0.043035	0.064367	0.059409	0.050996	0.026676	0.012765	0.036403	0.028969	0.023447	0.020927	0.043093	0.078323	0.037760	0.079075	0.077877	1165373.0	1165373.0
181	0.475166	0.130918	0.177134	0.216782	0.300372	0.092692	0.460575	0.189201	0.098830	0.032541	0.285909	0.057886	0.042261	0.023918	0.015424	0.049315	0.045840	0.023355	0.029996	0.077943	0.059603	0.031916	0.041210	0.084053	1165373.0	1165373.0
182	0.246535	0.111729	0.372539	0.269197	0.338659	0.081889	0.187827	0.202460	0.088492	0.046039	0.048373	0.063630	0.035668	0.018758	0.019676	0.037627	0.027316	0.019809	0.023646	0.301769	0.069718	0.029256	0.053404	0.116818	1165373.0	1165373.0
183	0.221194	0.113862	0.145099	0.519845	0.338508	0.094293	0.185076	0.160733	0.068541	0.028841	0.045228	0.078583	0.032142	0.016949	0.021463	0.043309	0.036883	0.021458	0.034423	0.052335	0.119602	0.028694	0.299768	0.071781	1165373.0	1165373.0
184	0.257168	0.095942	0.400881	0.246009	0.317856	0.077700	0.480328	0.192799	0.075573	0.030095	0.089112	0.062388	0.036986	0.018552	0.011410	0.028994	0.293774	0.025870	0.021869	0.059369	0.065003	0.030361	0.035753	0.114892	1165373.0	1165373.0
185	0.471336	0.104878	0.158143	0.265643	0.572082	0.076526	0.212949	0.194144	0.085882	0.031822	0.036120	0.317512	0.032064	0.025007	0.013202	0.034604	0.070594	0.017962	0.020354	0.049233	0.077405	0.043249	0.053706	0.091283	1165373.0	1165373.0
186	0.265945	0.118041	0.123381	0.492633	0.596717	0.072352	0.231216	0.181660	0.109157	0.030618	0.052279	0.073891	0.037671	0.018243	0.013844	0.048283	0.049445	0.019930	0.020335	0.033671	0.324704	0.026169	0.052795	0.088965	1165373.0	1165373.0
187	0.520977	0.094960	0.139252	0.244810	0.625788	0.085645	0.431227	0.182500	0.322644	0.033620	0.032042	0.132671	0.032819	0.018495	0.012589	0.031058	0.045240	0.023261	0.031300	0.039451	0.072172	0.034647	0.039690	0.098301	1165373.0	1165373.0
188	0.472875	0.110023	0.115621	0.301480	0.353496	0.091111	0.165925	0.224393	0.073205	0.282162	0.043487	0.074022	0.034058	0.029495	0.012916	0.033554	0.030214	0.029681	0.019019	0.036708	0.076606	0.031679	0.063532	0.129664	1165373.0	1165373.0
189	0.214083	0.373017	0.138953	0.273947	0.350831	0.074762	0.177687	0.188004	0.066791	0.033730	0.037041	0.076521	0.304461	0.016457	0.010987	0.041111	0.055863	0.029325	0.017993	0.035772	0.106598	0.029513	0.036914	0.100922	1165373.0	1165373.0
190	0.533712	0.109026	0.102935	0.254326	0.609198	0.069450	0.171917	0.193136	0.068351	0.041715	0.051293	0.372353	0.045068	0.017246	0.012771	0.033941	0.031895	0.019055	0.020378	0.031608	0.073884	0.047338	0.038493	0.094611	1165373.0	1165373.0
191	0.219197	0.125355	0.122936	0.532513	0.534418	0.073125	0.145131	0.476078	0.061095	0.046239	0.034772	0.077091	0.056529	0.020055	0.012283	0.036488	0.030064	0.021586	0.019201	0.052085	0.061423	0.084726	0.051555	0.334809	1165373.0	1165373.0
192	0.209111	0.172607	0.117810	0.500472	0.560872	0.081898	0.166102	0.423532	0.062004	0.029257	0.047857	0.069993	0.095847	0.017795	0.021583	0.037381	0.036506	0.022785	0.019735	0.038784	0.089933	0.029415	0.042183	0.338941	1165373.0	1165373.0
193	0.284291	0.099251	0.131358	0.485100	0.311980	0.075280	0.221009	0.404433	0.063691	0.034761	0.101731	0.084108	0.037966	0.019920	0.011403	0.029962	0.030900	0.019270	0.024687	0.056501	0.092822	0.283192	0.037727	0.071359	1165373.0	1165373.0
194	0.225379	0.357142	0.175548	0.241930	0.315522	0.326671	0.164747	0.426892	0.071303	0.028888	0.033645	0.091543	0.038586	0.265779	0.018843	0.033934	0.037970	0.020220	0.021829	0.095529	0.066436	0.040939	0.048316	0.086239	1165373.0	1165373.0
195	0.214295	0.355826	0.122633	0.307246	0.321210	0.086934	0.168341	0.498187	0.073620	0.034164	0.037694	0.068817	0.032348	0.018434	0.013366	0.291678	0.029390	0.027496	0.027638	0.038110	0.070716	0.080019	0.048455	0.108056	1165373.0	1165373.0
196	0.206074	0.160114	0.127152	0.506661	0.540246	0.083471	0.166132	0.502009	0.076790	0.032244	0.032107	0.064933	0.038951	0.021584	0.013512	0.086067	0.028294	0.019435	0.028941	0.050482	0.068368	0.064203	0.043934	0.330155	1165373.0	1165373.0
197	0.212403	0.137466	0.118494	0.531637	0.584987	0.093572	0.172016	0.254573	0.084528	0.037940	0.029977	0.059958	0.038038	0.034013	0.012344	0.053071	0.028018	0.017721	0.029494	0.043262	0.313128	0.040116	0.051021	0.127372	1165373.0	1165373.0
198	0.463712	0.129790	0.122834	0.283664	0.362684	0.081514	0.408835	0.201354	0.076923	0.038307	0.281057	0.067425	0.048379	0.020206	0.017422	0.043784	0.033618	0.026650	0.017237	0.045330	0.107615	0.026643	0.038685	0.110721	1165373.0	1165373.0
199	0.266535	0.111805	0.354400	0.267259	0.357655	0.315539	0.447412	0.168072	0.081340	0.046801	0.064110	0.074284	0.033900	0.019843	0.012895	0.045167	0.037858	0.018697	0.264103	0.033741	0.127227	0.028258	0.036971	0.074804	1165373.0	1165373.0
