Offset	A	C	G	T	A/T	C/G	A/G	C/T	AA	AC	AG	AT	CA	CC	CG	CT	GA	GC	GG	GT	TA	TC	TG	TT	N	NN
-50	0.314390	0.175466	0.189205	0.320940	0.404688	0.131379	0.257061	0.250732	0.105026	0.054195	0.059246	0.095923	0.060472	0.033025	0.025458	0.056511	0.056074	0.036180	0.036716	0.060235	0.094332	0.051789	0.065412	0.109407	361968.0	361968.0
-49	0.315904	0.175190	0.186831	0.322075	0.405522	0.131100	0.256995	0.249301	0.105766	0.054378	0.060229	0.095531	0.061000	0.032729	0.025096	0.056364	0.054256	0.036531	0.036744	0.059301	0.095597	0.051579	0.066271	0.108628	361968.0	361968.0
-48	0.316619	0.175217	0.188340	0.319824	0.405403	0.132227	0.257846	0.247804	0.105542	0.053911	0.060232	0.096934	0.060527	0.032901	0.025574	0.056215	0.054919	0.036600	0.037152	0.059668	0.095202	0.050963	0.065934	0.107725	361968.0	361968.0
-47	0.316190	0.174374	0.188892	0.320544	0.405888	0.131754	0.257743	0.249648	0.106620	0.052985	0.059815	0.096771	0.060088	0.032326	0.025281	0.056679	0.054588	0.037426	0.036721	0.060157	0.093903	0.052049	0.065997	0.108595	361969.0	361969.0
-46	0.315198	0.174786	0.187814	0.322202	0.405869	0.131625	0.257494	0.249762	0.105907	0.053424	0.059549	0.096318	0.060185	0.033017	0.025502	0.056082	0.055204	0.036271	0.036835	0.059505	0.094790	0.051808	0.066749	0.108855	361969.0	361969.0
-45	0.316085	0.174520	0.188635	0.320760	0.405021	0.132638	0.257646	0.248842	0.106103	0.054168	0.059384	0.096431	0.060373	0.032906	0.025696	0.055546	0.054869	0.036746	0.037290	0.059729	0.094511	0.052413	0.065859	0.107976	361969.0	361969.0
-44	0.315856	0.176233	0.188229	0.319682	0.406297	0.133158	0.257633	0.250513	0.107133	0.053822	0.058334	0.096566	0.059629	0.032961	0.026301	0.057342	0.055060	0.036790	0.037105	0.059273	0.094102	0.051714	0.065370	0.108495	361969.0	361969.0
-43	0.315925	0.175288	0.187110	0.321677	0.406905	0.130638	0.256878	0.250148	0.106888	0.054629	0.058930	0.095478	0.059953	0.032605	0.025223	0.057508	0.054513	0.036263	0.036547	0.059787	0.095486	0.050982	0.066155	0.109054	361969.0	361969.0
-42	0.316839	0.174479	0.186856	0.321826	0.407800	0.131086	0.257517	0.249720	0.107487	0.054751	0.058530	0.096072	0.060525	0.032511	0.025649	0.055795	0.055159	0.036586	0.036340	0.058770	0.094679	0.051853	0.065732	0.109562	361969.0	361969.0
-41	0.317850	0.175700	0.186251	0.320199	0.407814	0.131439	0.256853	0.251215	0.107385	0.054378	0.059447	0.096641	0.059792	0.033431	0.025298	0.057179	0.054209	0.036898	0.035812	0.059331	0.094572	0.051388	0.065022	0.109217	361969.0	361969.0
-40	0.315958	0.176095	0.185579	0.322367	0.405264	0.129876	0.258461	0.252063	0.105719	0.053731	0.060925	0.095583	0.060792	0.033177	0.025237	0.056889	0.055386	0.035031	0.036431	0.058732	0.094298	0.052333	0.066072	0.109664	361969.0	361969.0
-39	0.316196	0.174272	0.188665	0.320867	0.404057	0.132721	0.259094	0.250276	0.105700	0.054096	0.060309	0.096091	0.059629	0.033094	0.025295	0.056253	0.055590	0.036837	0.037495	0.058743	0.093085	0.051748	0.066854	0.109181	361969.0	361969.0
-38	0.314005	0.175775	0.189953	0.320268	0.401269	0.132558	0.256997	0.253411	0.104578	0.054372	0.059815	0.095240	0.059701	0.033738	0.025024	0.057312	0.055720	0.036912	0.036884	0.060436	0.091690	0.052601	0.066216	0.109761	361969.0	361969.0
-37	0.311690	0.177623	0.187939	0.322749	0.402222	0.132669	0.255514	0.253080	0.103661	0.053035	0.060016	0.094978	0.060500	0.032514	0.025881	0.058729	0.054726	0.037163	0.037111	0.058939	0.094425	0.052679	0.066486	0.109159	361969.0	361969.0
-36	0.313311	0.175391	0.189494	0.321804	0.401755	0.132564	0.256967	0.253179	0.104255	0.054245	0.060121	0.094690	0.060033	0.032544	0.024986	0.057828	0.054364	0.036807	0.038227	0.060096	0.092693	0.052690	0.066304	0.110117	361969.0	361969.0
-35	0.311344	0.176286	0.189638	0.322732	0.400645	0.133401	0.256014	0.254422	0.105073	0.054159	0.058654	0.093458	0.059809	0.033671	0.025298	0.057508	0.055110	0.037255	0.037177	0.060096	0.091483	0.052612	0.068006	0.110631	361969.0	361969.0
-34	0.311474	0.177698	0.189135	0.321693	0.399272	0.133014	0.257972	0.252781	0.103755	0.053844	0.060632	0.093243	0.061342	0.033450	0.025436	0.057469	0.055618	0.036161	0.037967	0.059389	0.092837	0.052424	0.066995	0.109438	361969.0	361969.0
-33	0.313552	0.175880	0.191030	0.319538	0.398319	0.133680	0.257591	0.249817	0.103923	0.055043	0.060569	0.094016	0.060804	0.033232	0.025414	0.056430	0.056259	0.038194	0.036840	0.059737	0.092442	0.052217	0.066942	0.107937	361969.0	361969.0
-32	0.313427	0.178687	0.189765	0.318121	0.398424	0.135028	0.256851	0.250952	0.104443	0.055024	0.059384	0.094577	0.061223	0.033658	0.026237	0.057568	0.055861	0.037970	0.037163	0.058770	0.092453	0.052775	0.065942	0.106951	361969.0	361969.0
-31	0.313980	0.179427	0.188726	0.317867	0.399523	0.132738	0.258605	0.250060	0.105459	0.054380	0.060422	0.093718	0.062536	0.033227	0.025530	0.058135	0.055477	0.036735	0.037246	0.059268	0.093735	0.052087	0.065434	0.106611	361969.0	361969.0
-30	0.317207	0.176429	0.188632	0.317732	0.402662	0.133674	0.260290	0.248947	0.106995	0.054665	0.060323	0.095224	0.060654	0.033472	0.025952	0.056350	0.055367	0.036644	0.037605	0.059016	0.093157	0.051839	0.065450	0.107285	361969.0	361969.0
-29	0.316173	0.176620	0.189331	0.317875	0.403095	0.132611	0.257975	0.250696	0.105581	0.054516	0.059842	0.096235	0.060511	0.033290	0.026002	0.056817	0.055604	0.036371	0.036948	0.060408	0.092804	0.052112	0.064483	0.108476	361969.0	361969.0
-28	0.314499	0.176289	0.187276	0.321936	0.401965	0.130967	0.257188	0.250654	0.104379	0.054165	0.060759	0.095196	0.061124	0.032906	0.025535	0.056723	0.055488	0.035964	0.036561	0.059262	0.094157	0.052792	0.066754	0.108233	361969.0	361969.0
-27	0.315149	0.175827	0.189610	0.319414	0.400335	0.132323	0.258826	0.250767	0.104937	0.054706	0.060862	0.094643	0.060279	0.033917	0.025115	0.056516	0.056132	0.036395	0.036895	0.060187	0.093306	0.052886	0.065774	0.107448	361969.0	361969.0
-26	0.314654	0.177905	0.188646	0.318795	0.399054	0.133346	0.257870	0.250640	0.104832	0.053927	0.060682	0.095213	0.061370	0.033749	0.025731	0.057055	0.055179	0.036688	0.037177	0.059602	0.092270	0.053098	0.066688	0.106738	361969.0	361969.0
-25	0.313651	0.177463	0.190279	0.318607	0.397716	0.133710	0.258464	0.248477	0.104335	0.054320	0.061375	0.093621	0.061453	0.033627	0.025751	0.056632	0.056107	0.037686	0.036647	0.059839	0.093475	0.051933	0.066915	0.106285	361969.0	361969.0
-24	0.315370	0.177565	0.190688	0.316378	0.396998	0.133445	0.259857	0.248198	0.104324	0.055416	0.060834	0.094795	0.062105	0.033417	0.025480	0.056563	0.057560	0.037409	0.037139	0.058580	0.091939	0.052278	0.066221	0.105940	361969.0	361969.0
-23	0.315928	0.178521	0.189674	0.315878	0.397993	0.133915	0.259083	0.250140	0.105271	0.054585	0.060420	0.095652	0.061226	0.033580	0.025510	0.058204	0.056143	0.037575	0.037249	0.058707	0.091646	0.052933	0.065876	0.105423	361969.0	361969.0
-22	0.314287	0.178673	0.189055	0.317986	0.398631	0.134000	0.258497	0.250817	0.105371	0.054419	0.060036	0.094461	0.061826	0.034055	0.025182	0.057610	0.055610	0.037282	0.037481	0.058682	0.092436	0.052789	0.066398	0.106363	361969.0	361969.0
-21	0.315242	0.178546	0.189096	0.317116	0.398570	0.134675	0.258177	0.250947	0.105189	0.055021	0.059748	0.095284	0.061594	0.034160	0.025773	0.057019	0.055693	0.037194	0.037547	0.058662	0.091176	0.052847	0.066171	0.106921	361969.0	361969.0
-20	0.313651	0.179223	0.189240	0.317886	0.397244	0.135285	0.257075	0.252820	0.104398	0.054974	0.059690	0.094588	0.061433	0.034611	0.025817	0.057361	0.055624	0.037495	0.037362	0.058759	0.091016	0.053607	0.066022	0.107241	361969.0	361969.0
-19	0.312472	0.180687	0.188892	0.317950	0.395387	0.135034	0.257041	0.251113	0.103188	0.054925	0.060903	0.093456	0.062085	0.034439	0.026292	0.057870	0.055748	0.037100	0.037202	0.058842	0.092555	0.052615	0.066591	0.106189	361969.0	361969.0
-18	0.313577	0.179079	0.190989	0.316356	0.393763	0.135567	0.257486	0.248753	0.102774	0.054571	0.061411	0.094820	0.061782	0.034177	0.026389	0.056731	0.056066	0.037766	0.037235	0.059922	0.090737	0.052413	0.067774	0.105432	361969.0	361969.0
-17	0.311358	0.178927	0.192809	0.316906	0.390694	0.136813	0.259205	0.250541	0.102448	0.054347	0.061373	0.093190	0.060748	0.033992	0.026629	0.057557	0.057486	0.038293	0.037898	0.059132	0.089593	0.053529	0.068321	0.105462	361969.0	361969.0
-16	0.310275	0.180162	0.194221	0.315342	0.388923	0.138169	0.260152	0.247797	0.102984	0.053706	0.061784	0.091801	0.061594	0.034901	0.026350	0.057317	0.056521	0.038056	0.038862	0.060781	0.090339	0.051781	0.069423	0.103799	361969.0	361969.0
-15	0.311438	0.178443	0.196420	0.313698	0.387749	0.137324	0.261332	0.245651	0.102512	0.054438	0.062436	0.092052	0.061525	0.033392	0.026624	0.056903	0.057618	0.038542	0.038766	0.061494	0.090088	0.052259	0.068254	0.103097	361969.0	361969.0
-14	0.311742	0.178631	0.196080	0.313546	0.389865	0.136700	0.260039	0.249403	0.102572	0.053590	0.061804	0.093776	0.060392	0.033984	0.026580	0.057676	0.057872	0.038346	0.037791	0.062072	0.088289	0.052516	0.067514	0.105227	361969.0	361969.0
-13	0.309126	0.178435	0.193688	0.318751	0.392023	0.134846	0.262481	0.245137	0.104708	0.052383	0.062108	0.089928	0.062574	0.033042	0.026707	0.056113	0.058237	0.037669	0.037429	0.060353	0.093939	0.052535	0.068829	0.103448	361969.0	361969.0
-12	0.319458	0.175628	0.195072	0.309841	0.389843	0.137227	0.268631	0.241380	0.105280	0.053502	0.067553	0.093124	0.059665	0.033652	0.026792	0.055519	0.057317	0.038302	0.038481	0.060972	0.090737	0.051507	0.066895	0.100702	361969.0	361969.0
-11	0.312999	0.176963	0.199722	0.310317	0.390884	0.137821	0.261376	0.245673	0.102263	0.053366	0.060577	0.096793	0.060107	0.032986	0.026848	0.057021	0.058839	0.038291	0.039697	0.062895	0.087706	0.051543	0.066945	0.104122	361969.0	361969.0
-10	0.308916	0.176186	0.194066	0.320831	0.385337	0.139169	0.258135	0.249621	0.098934	0.053947	0.064367	0.091668	0.058665	0.033718	0.026792	0.057010	0.054516	0.038340	0.040318	0.060892	0.090168	0.054325	0.071771	0.104567	361969.0	361969.0
-9	0.302283	0.180330	0.203249	0.314137	0.384511	0.143692	0.252969	0.251881	0.098205	0.055107	0.056806	0.092165	0.061102	0.035323	0.026917	0.056988	0.058209	0.041702	0.039749	0.063588	0.089339	0.054767	0.065229	0.104802	361969.0	361969.0
-8	0.306855	0.186900	0.188701	0.317544	0.393802	0.137534	0.251110	0.256638	0.100945	0.054176	0.057549	0.094185	0.064022	0.035636	0.027082	0.060160	0.055521	0.037721	0.037094	0.058364	0.092513	0.054684	0.064188	0.106158	361969.0	361969.0
-7	0.313002	0.182217	0.185914	0.318867	0.400380	0.133536	0.250596	0.255917	0.102945	0.056532	0.058314	0.095210	0.063668	0.034224	0.025748	0.058577	0.054679	0.038907	0.034658	0.057671	0.093157	0.054049	0.062594	0.109067	361969.0	361969.0
-6	0.314450	0.183712	0.181314	0.320525	0.405667	0.126994	0.253618	0.256787	0.104271	0.055845	0.058563	0.095771	0.066028	0.032105	0.024991	0.060588	0.055734	0.034848	0.035050	0.055682	0.094856	0.053325	0.061574	0.110769	361969.0	361969.0
-5	0.320889	0.176123	0.180178	0.322809	0.415563	0.128365	0.256892	0.259942	0.108821	0.055516	0.057179	0.099373	0.060024	0.033536	0.025068	0.057494	0.055328	0.034196	0.035564	0.055090	0.092240	0.053784	0.061657	0.115129	361969.0	361969.0
-4	0.316414	0.177032	0.179468	0.327086	0.415574	0.126049	0.258541	0.259072	0.112034	0.055505	0.057071	0.091803	0.061351	0.034271	0.024742	0.056668	0.056961	0.034561	0.032475	0.055472	0.099061	0.055458	0.059892	0.112675	361969.0	361969.0
-3	0.329407	0.179794	0.174181	0.316618	0.410571	0.119427	0.268343	0.242576	0.115742	0.056356	0.062900	0.094409	0.069092	0.030456	0.026245	0.054002	0.057933	0.030958	0.031768	0.053521	0.096210	0.053908	0.062290	0.104211	361969.0	361969.0
-2	0.338977	0.171678	0.183204	0.306142	0.432982	0.119742	0.261503	0.267810	0.121955	0.052416	0.050642	0.113963	0.057176	0.035116	0.021585	0.057801	0.058599	0.032735	0.030306	0.061563	0.081510	0.059339	0.049739	0.115554	361969.0	361969.0
-1	0.319240	0.179607	0.152273	0.348881	0.471745	0.077479	0.233642	0.270089	0.115256	0.043390	0.048419	0.112175	0.070782	0.019734	0.016946	0.072144	0.050159	0.020991	0.019808	0.061315	0.112540	0.046438	0.058129	0.131774	361969.0	361969.0
0	0.348737	0.130553	0.143302	0.377408	0.478817	0.082963	0.262956	0.233807	0.123162	0.049921	0.063754	0.111899	0.049540	0.016380	0.021618	0.043015	0.054499	0.023425	0.021541	0.043838	0.121759	0.052416	0.081236	0.121997	361969.0	361969.0
1	0.348961	0.142142	0.188149	0.320748	0.434294	0.106860	0.296365	0.225061	0.125671	0.052206	0.070520	0.100564	0.050792	0.018922	0.025635	0.046794	0.064644	0.026773	0.035531	0.061201	0.094754	0.046040	0.066649	0.113305	361969.0	361969.0
2	0.335860	0.143941	0.198335	0.321865	0.390442	0.117447	0.300263	0.211982	0.106512	0.055933	0.081626	0.091790	0.048800	0.017662	0.029055	0.048424	0.066655	0.025259	0.045471	0.060950	0.091588	0.045344	0.084380	0.100553	361969.0	361969.0
3	0.313554	0.144197	0.240532	0.301716	0.365772	0.127364	0.300103	0.212355	0.106446	0.061052	0.064260	0.081797	0.046667	0.021375	0.027955	0.048200	0.088143	0.036779	0.041255	0.074354	0.086969	0.052220	0.071967	0.090560	361969.0	361969.0
4	0.328224	0.171426	0.205437	0.294912	0.350980	0.134429	0.289249	0.214477	0.102495	0.064624	0.073711	0.087394	0.051723	0.024701	0.038611	0.056392	0.072456	0.030530	0.040586	0.061864	0.081200	0.053494	0.080327	0.079891	361969.0	361969.0
5	0.307874	0.173349	0.233235	0.285541	0.328172	0.141562	0.290657	0.214637	0.101589	0.061895	0.067185	0.077206	0.053825	0.026212	0.033909	0.059403	0.078277	0.037835	0.043606	0.073517	0.077653	0.057298	0.078866	0.071724	361969.0	361969.0
6	0.311344	0.183239	0.223566	0.281850	0.336001	0.141440	0.281499	0.223036	0.099920	0.062931	0.064155	0.084339	0.054416	0.029619	0.036534	0.062671	0.075813	0.033677	0.041611	0.072465	0.073965	0.052969	0.077139	0.077777	361969.0	361969.0
7	0.304114	0.179195	0.219439	0.297252	0.329992	0.144960	0.272468	0.230379	0.093975	0.063155	0.065030	0.081955	0.051040	0.027776	0.036873	0.063505	0.070152	0.037000	0.043310	0.068976	0.074694	0.059729	0.083460	0.079369	361969.0	361969.0
8	0.289862	0.187660	0.228674	0.293804	0.330175	0.144148	0.286129	0.223704	0.096577	0.053377	0.065975	0.073932	0.056613	0.025359	0.038003	0.067685	0.078062	0.035271	0.045515	0.069826	0.080134	0.051129	0.083010	0.079532	361969.0	361969.0
9	0.311386	0.165136	0.232503	0.290975	0.332813	0.144137	0.294895	0.212687	0.099520	0.059624	0.071807	0.080435	0.047429	0.024568	0.035370	0.057767	0.076614	0.037244	0.046954	0.071691	0.075222	0.052714	0.085402	0.077636	361969.0	361969.0
10	0.298785	0.174150	0.239534	0.287530	0.324202	0.149761	0.293945	0.219472	0.095312	0.058743	0.068724	0.076007	0.049706	0.025665	0.035964	0.062815	0.080001	0.038224	0.049908	0.071401	0.074412	0.052521	0.082126	0.078471	361969.0	361969.0
11	0.299432	0.175153	0.236722	0.288693	0.322892	0.149082	0.294376	0.218834	0.094983	0.059723	0.070042	0.074683	0.051049	0.025646	0.035321	0.063138	0.079244	0.038009	0.050107	0.069362	0.075482	0.052306	0.083162	0.077744	361969.0	361969.0
12	0.300758	0.175684	0.238631	0.284928	0.320837	0.149960	0.297003	0.217469	0.096301	0.059646	0.070691	0.074120	0.052098	0.025977	0.034417	0.063190	0.079244	0.038799	0.050767	0.069821	0.073197	0.051082	0.083430	0.077219	361969.0	361969.0
13	0.300841	0.175504	0.239305	0.284350	0.321530	0.151126	0.295437	0.220900	0.095981	0.059312	0.070387	0.075161	0.049529	0.026942	0.034290	0.064743	0.078432	0.039258	0.050637	0.070978	0.073180	0.052007	0.081955	0.077208	361969.0	361969.0
14	0.297122	0.177518	0.237269	0.288091	0.323017	0.149004	0.290149	0.223572	0.094508	0.059030	0.069045	0.074540	0.050935	0.026964	0.032942	0.066677	0.077551	0.040053	0.049046	0.070619	0.075631	0.051593	0.082529	0.078338	361969.0	361969.0
15	0.298625	0.177640	0.233561	0.290174	0.326050	0.147236	0.289934	0.226605	0.094787	0.059571	0.069191	0.075075	0.052120	0.027323	0.032003	0.066194	0.077413	0.039368	0.048543	0.068238	0.075868	0.052770	0.081217	0.080319	361969.0	361969.0
16	0.300189	0.179032	0.230953	0.289826	0.326605	0.146554	0.288282	0.228011	0.095693	0.060828	0.067357	0.076310	0.052344	0.028138	0.031304	0.067246	0.077324	0.039205	0.047907	0.066517	0.075451	0.053477	0.081747	0.079150	361969.0	361969.0
17	0.300813	0.181648	0.228315	0.289224	0.328948	0.145352	0.291801	0.227655	0.097727	0.059792	0.068495	0.074799	0.054944	0.028096	0.030986	0.067622	0.076763	0.037453	0.048816	0.065282	0.077623	0.053137	0.079664	0.078800	361969.0	361969.0
18	0.307057	0.178479	0.227962	0.286502	0.335584	0.142639	0.294749	0.224243	0.100788	0.059864	0.067964	0.078440	0.053524	0.028417	0.030273	0.066265	0.078891	0.036843	0.047106	0.065122	0.078239	0.051444	0.078703	0.078117	361969.0	361969.0
19	0.311441	0.176568	0.224047	0.287945	0.340372	0.139592	0.293105	0.225635	0.102766	0.061116	0.068337	0.079222	0.053996	0.027842	0.029165	0.065564	0.077164	0.037746	0.044838	0.064298	0.078576	0.052422	0.077139	0.079808	361969.0	361969.0
20	0.312502	0.179126	0.219480	0.288892	0.342477	0.138827	0.292768	0.226285	0.103072	0.060897	0.069395	0.079137	0.055640	0.028422	0.029215	0.065848	0.076725	0.037614	0.043576	0.061566	0.080159	0.051905	0.076719	0.080109	361969.0	361969.0
21	0.315596	0.178839	0.218905	0.286660	0.344847	0.139940	0.294393	0.224246	0.105896	0.061643	0.068431	0.079626	0.056903	0.029420	0.029569	0.062947	0.076904	0.037791	0.043161	0.061049	0.079438	0.051991	0.075343	0.079888	361969.0	361969.0
22	0.319141	0.180844	0.216505	0.283510	0.346972	0.139904	0.294335	0.222522	0.106495	0.060671	0.069360	0.082615	0.057604	0.029652	0.029613	0.063975	0.075592	0.037752	0.042888	0.060273	0.079739	0.050772	0.074877	0.078123	361969.0	361969.0
23	0.319431	0.178847	0.216737	0.284986	0.347903	0.140484	0.295663	0.219082	0.107117	0.060721	0.070321	0.081272	0.058541	0.029831	0.029386	0.061088	0.074255	0.037296	0.043971	0.061215	0.081399	0.050048	0.075424	0.078114	361969.0	361969.0
24	0.321312	0.177896	0.219102	0.281690	0.349790	0.142164	0.299639	0.215096	0.108954	0.060400	0.070509	0.081449	0.059442	0.029489	0.029500	0.059466	0.075418	0.038418	0.044758	0.060508	0.082007	0.048761	0.073542	0.077380	361969.0	361969.0
25	0.325821	0.177068	0.218309	0.278803	0.355997	0.143791	0.297758	0.216670	0.110311	0.060525	0.069893	0.085093	0.058839	0.030174	0.029456	0.058599	0.072780	0.039387	0.044775	0.061367	0.080662	0.047965	0.070244	0.079932	361969.0	361969.0
26	0.322591	0.178051	0.214366	0.284991	0.357122	0.144297	0.284925	0.222961	0.105517	0.060911	0.069022	0.087140	0.057886	0.030762	0.029837	0.059566	0.066945	0.040258	0.043440	0.063724	0.081372	0.049540	0.070987	0.083093	361969.0	361969.0
27	0.311720	0.181471	0.213286	0.293522	0.359097	0.146153	0.276319	0.233003	0.102539	0.059743	0.064925	0.084513	0.060129	0.033287	0.028497	0.059558	0.066017	0.041531	0.042838	0.062900	0.082598	0.050712	0.070766	0.089447	361969.0	361969.0
28	0.311284	0.185273	0.207026	0.296418	0.367689	0.142706	0.271189	0.240244	0.103542	0.057458	0.062898	0.087386	0.061619	0.034066	0.029107	0.060480	0.064144	0.038926	0.040606	0.063351	0.082921	0.051858	0.067799	0.093840	361969.0	361969.0
29	0.312226	0.182308	0.200409	0.305057	0.375847	0.138374	0.266584	0.244151	0.103755	0.056936	0.062690	0.088845	0.060842	0.033572	0.027920	0.059975	0.061795	0.038539	0.038343	0.061732	0.085463	0.052819	0.068989	0.097785	361969.0	361969.0
30	0.311855	0.181866	0.197942	0.308336	0.376947	0.137647	0.266271	0.245814	0.103036	0.057314	0.063210	0.088295	0.060596	0.032862	0.028193	0.060215	0.060897	0.037465	0.039128	0.060453	0.086311	0.053433	0.069288	0.099304	361969.0	361969.0
31	0.310842	0.181074	0.199818	0.308267	0.379582	0.138788	0.265708	0.247292	0.104415	0.056698	0.061494	0.088234	0.060204	0.033254	0.027781	0.059834	0.060179	0.038133	0.039619	0.061887	0.086041	0.053311	0.068022	0.100893	361969.0	361969.0
32	0.310839	0.181397	0.196917	0.310847	0.381154	0.136495	0.263346	0.249229	0.103647	0.056941	0.061378	0.088872	0.061185	0.033848	0.026317	0.060047	0.059378	0.037387	0.038943	0.061210	0.087074	0.053773	0.068440	0.101561	361969.0	361969.0
33	0.311284	0.181949	0.195077	0.311690	0.380886	0.137023	0.262266	0.249229	0.103139	0.056740	0.062298	0.089107	0.061304	0.034528	0.026919	0.059198	0.058295	0.037042	0.038534	0.061207	0.087800	0.054662	0.068387	0.100840	361969.0	361969.0
34	0.310538	0.182971	0.196138	0.310353	0.383483	0.138294	0.261547	0.250712	0.103398	0.056074	0.060884	0.090182	0.061980	0.034373	0.026872	0.059745	0.057712	0.037495	0.039553	0.061378	0.087010	0.053701	0.066749	0.102893	361969.0	361969.0
35	0.310101	0.181643	0.194058	0.314198	0.385389	0.135434	0.261105	0.249066	0.103705	0.055494	0.061887	0.089016	0.062878	0.032989	0.026502	0.059273	0.057370	0.037799	0.038144	0.060746	0.089828	0.053963	0.067567	0.102840	361969.0	361969.0
36	0.313781	0.180245	0.194099	0.311875	0.385442	0.136758	0.262661	0.248220	0.104385	0.056596	0.062757	0.090044	0.061624	0.033732	0.026756	0.058132	0.057317	0.038067	0.038202	0.060513	0.088753	0.054096	0.066765	0.102260	361969.0	361969.0
37	0.312079	0.182491	0.194481	0.310949	0.385445	0.136691	0.261351	0.251754	0.104788	0.055494	0.061793	0.090005	0.062096	0.034064	0.026616	0.059715	0.056850	0.038092	0.037920	0.061619	0.086905	0.054228	0.066069	0.103746	361969.0	361969.0
38	0.310640	0.181877	0.192398	0.315085	0.387086	0.136078	0.260086	0.253215	0.104299	0.055306	0.061599	0.089436	0.061762	0.034741	0.026331	0.059044	0.057162	0.037981	0.037025	0.060229	0.088814	0.054894	0.066840	0.104537	361969.0	361969.0
39	0.312038	0.182922	0.191795	0.313245	0.386685	0.137421	0.260539	0.250894	0.104001	0.056066	0.062224	0.089748	0.062201	0.033790	0.027339	0.059591	0.055925	0.037901	0.038390	0.059580	0.088991	0.053568	0.066741	0.103945	361969.0	361969.0
40	0.311118	0.181325	0.194693	0.312864	0.386978	0.137854	0.260392	0.253433	0.104194	0.055905	0.061083	0.089936	0.060961	0.034906	0.026328	0.059129	0.057016	0.038520	0.038100	0.061058	0.087494	0.054043	0.065973	0.105354	361969.0	361969.0
41	0.309665	0.183375	0.191483	0.315477	0.389583	0.135705	0.259086	0.252074	0.104677	0.054494	0.060881	0.089613	0.062422	0.033845	0.026906	0.060201	0.055712	0.037139	0.037815	0.060817	0.090320	0.053054	0.067130	0.104973	361969.0	361969.0
42	0.313132	0.178532	0.192732	0.315604	0.391879	0.135365	0.259743	0.248704	0.104992	0.055861	0.060461	0.091817	0.060862	0.033265	0.026345	0.058060	0.056212	0.037677	0.038078	0.060765	0.091204	0.053513	0.067022	0.103865	361969.0	361969.0
43	0.313270	0.180317	0.191906	0.314508	0.392719	0.134694	0.258848	0.252530	0.105479	0.055085	0.060353	0.092353	0.060886	0.033959	0.026168	0.059303	0.055784	0.037335	0.037232	0.061555	0.090309	0.054690	0.064931	0.104578	361969.0	361969.0
44	0.312458	0.181068	0.188685	0.317790	0.393431	0.134840	0.257948	0.251950	0.105205	0.055002	0.060961	0.091290	0.061549	0.033823	0.026149	0.059547	0.054455	0.037542	0.037326	0.059361	0.091950	0.053593	0.067260	0.104987	361969.0	361969.0
45	0.313159	0.179960	0.191696	0.315184	0.393581	0.135843	0.258315	0.250060	0.104526	0.055278	0.060969	0.092386	0.061577	0.033975	0.026265	0.058143	0.055320	0.038103	0.037500	0.060773	0.091762	0.053035	0.065481	0.104907	361969.0	361969.0
46	0.313184	0.180391	0.190215	0.316209	0.394448	0.135147	0.255934	0.251367	0.104979	0.055336	0.059489	0.093381	0.061094	0.033705	0.026975	0.058618	0.054535	0.037536	0.036931	0.061212	0.091461	0.054416	0.065705	0.104628	361969.0	361969.0
47	0.312068	0.180993	0.189099	0.317839	0.394227	0.135349	0.255536	0.252372	0.104175	0.055985	0.060030	0.091878	0.061467	0.034434	0.026527	0.058566	0.053988	0.037045	0.037343	0.060723	0.092632	0.053831	0.065834	0.105542	361969.0	361969.0
48	0.312262	0.181295	0.189734	0.316709	0.395119	0.136448	0.258312	0.252284	0.106272	0.054828	0.059729	0.091433	0.061688	0.034649	0.027121	0.057836	0.055212	0.037578	0.037100	0.059845	0.091544	0.053927	0.065367	0.105871	361969.0	361969.0
49	0.314715	0.180982	0.189317	0.314986	0.397175	0.135249	0.259591	0.252353	0.107081	0.054419	0.060309	0.092906	0.061837	0.034042	0.026743	0.058361	0.054867	0.037130	0.037335	0.059986	0.090792	0.053554	0.064243	0.106396	361969.0	361969.0
50	0.314577	0.179145	0.188629	0.317649	0.397407	0.133183	0.257387	0.251726	0.105470	0.055753	0.060989	0.092364	0.061295	0.033868	0.025734	0.058248	0.054483	0.037136	0.036445	0.060566	0.092947	0.052985	0.065091	0.106625	361969.0	361969.0
51	0.314195	0.179742	0.188259	0.317803	0.398722	0.134793	0.257898	0.252273	0.105382	0.055112	0.060591	0.093110	0.061596	0.034194	0.026270	0.057682	0.054449	0.036854	0.037476	0.059480	0.092665	0.052833	0.064740	0.107564	361969.0	361969.0
52	0.314093	0.178993	0.189077	0.317837	0.400109	0.133934	0.257818	0.252381	0.106714	0.053878	0.060036	0.093467	0.061273	0.034611	0.025917	0.057193	0.054668	0.037006	0.036401	0.061002	0.092654	0.053303	0.064605	0.107274	361969.0	361969.0
53	0.315309	0.178797	0.186958	0.318936	0.401222	0.131846	0.256671	0.253453	0.106106	0.054665	0.060342	0.094196	0.060964	0.034340	0.025312	0.058182	0.053925	0.035895	0.036299	0.060839	0.093315	0.053325	0.064691	0.107606	361969.0	361969.0
54	0.314309	0.178225	0.186643	0.320823	0.401899	0.133069	0.256063	0.251795	0.105846	0.055240	0.059549	0.093674	0.061654	0.034019	0.025897	0.056654	0.053825	0.036310	0.036843	0.059665	0.094804	0.053546	0.064898	0.107576	361969.0	361969.0
55	0.316129	0.179115	0.187187	0.317569	0.401869	0.133735	0.256994	0.253058	0.106741	0.055552	0.058933	0.094903	0.061088	0.034232	0.026140	0.057654	0.054389	0.036431	0.036931	0.059436	0.092558	0.053505	0.063840	0.107667	361969.0	361969.0
56	0.314776	0.179720	0.185845	0.319660	0.401446	0.132481	0.257492	0.252917	0.106227	0.054137	0.060312	0.094099	0.062121	0.034033	0.025665	0.057900	0.054024	0.035854	0.036929	0.059038	0.093978	0.053842	0.064699	0.107142	361969.0	361969.0
57	0.316350	0.177866	0.187604	0.318179	0.400965	0.132691	0.257870	0.250925	0.106056	0.054914	0.060688	0.094693	0.060804	0.033749	0.025853	0.057461	0.054626	0.036589	0.036500	0.059889	0.093373	0.052872	0.065091	0.106843	361969.0	361969.0
58	0.314858	0.178123	0.188132	0.318886	0.402471	0.132401	0.257539	0.252107	0.107015	0.054121	0.059652	0.094072	0.060892	0.033995	0.025568	0.057668	0.054485	0.036451	0.036387	0.060809	0.094442	0.053502	0.064000	0.106943	361969.0	361969.0
59	0.316834	0.178068	0.185607	0.319491	0.403979	0.131224	0.257892	0.252378	0.107929	0.055115	0.059638	0.094152	0.061425	0.034307	0.025143	0.057193	0.053836	0.035285	0.036489	0.059997	0.094920	0.053900	0.063693	0.106979	361969.0	361969.0
60	0.318110	0.178606	0.184963	0.318320	0.404054	0.132196	0.257362	0.251400	0.108722	0.054786	0.059580	0.095022	0.061414	0.034514	0.025455	0.057223	0.053510	0.036677	0.035550	0.059226	0.094108	0.053460	0.064550	0.106202	361969.0	361969.0
61	0.317754	0.179438	0.185135	0.317674	0.404104	0.133727	0.257105	0.254025	0.108156	0.054828	0.059638	0.095132	0.060522	0.035462	0.025693	0.057762	0.053692	0.036953	0.035619	0.058870	0.092809	0.052795	0.064063	0.108006	361969.0	361969.0
62	0.315179	0.180038	0.185013	0.319770	0.402783	0.131453	0.255527	0.254519	0.106614	0.054704	0.059792	0.094069	0.061030	0.034796	0.025295	0.058917	0.053463	0.035705	0.035658	0.060187	0.094229	0.052935	0.064735	0.107871	361969.0	361969.0
63	0.315336	0.178140	0.185480	0.321044	0.405167	0.132862	0.256190	0.252240	0.106294	0.054206	0.059980	0.094856	0.060917	0.034517	0.025477	0.057229	0.053259	0.036210	0.036658	0.059353	0.095992	0.052469	0.064558	0.108026	361969.0	361969.0
64	0.316461	0.177402	0.186673	0.319464	0.404471	0.132061	0.257157	0.251096	0.107611	0.054165	0.059616	0.095069	0.061290	0.033597	0.025820	0.056695	0.054123	0.036837	0.035807	0.059906	0.094516	0.053529	0.064144	0.107274	361969.0	361969.0
65	0.317541	0.178129	0.185386	0.318944	0.405084	0.131649	0.256812	0.251729	0.108440	0.054646	0.059472	0.094983	0.060480	0.033641	0.025403	0.058604	0.052927	0.036633	0.035973	0.059853	0.095298	0.053121	0.064163	0.106363	361969.0	361969.0
66	0.317146	0.178040	0.185010	0.319804	0.406394	0.133506	0.256580	0.252328	0.107407	0.054610	0.059450	0.095679	0.060458	0.034265	0.025740	0.057577	0.053314	0.037092	0.036409	0.058196	0.095047	0.052225	0.064271	0.108261	361969.0	361969.0
67	0.316226	0.178192	0.185870	0.319712	0.405184	0.132959	0.255616	0.251917	0.107736	0.054123	0.058762	0.095605	0.061080	0.033823	0.025682	0.057607	0.052933	0.037268	0.036185	0.059483	0.094362	0.053005	0.064865	0.107482	361969.0	361969.0
68	0.316110	0.178220	0.185494	0.320177	0.405479	0.132475	0.254331	0.250560	0.106423	0.054773	0.058674	0.096240	0.061022	0.034202	0.025704	0.057292	0.053054	0.036390	0.036180	0.059870	0.095881	0.052132	0.065229	0.106935	361969.0	361969.0
69	0.316381	0.177496	0.185787	0.320337	0.405642	0.131426	0.255591	0.248891	0.106175	0.054088	0.059770	0.096348	0.061027	0.033564	0.025654	0.057251	0.054043	0.036605	0.035602	0.059535	0.096610	0.051568	0.065649	0.106509	361969.0	361969.0
70	0.317856	0.175824	0.186676	0.319643	0.407198	0.131497	0.256478	0.250270	0.106871	0.054306	0.059560	0.097119	0.060425	0.033326	0.024886	0.057187	0.053742	0.036981	0.036304	0.059649	0.095804	0.052353	0.064083	0.107404	361969.0	361969.0
71	0.316842	0.176965	0.184834	0.321359	0.409350	0.129622	0.255143	0.252303	0.106009	0.054458	0.059704	0.096671	0.060878	0.032879	0.024452	0.058756	0.053317	0.036177	0.036114	0.059226	0.097014	0.051013	0.063677	0.109656	361969.0	361969.0
72	0.317218	0.174526	0.183947	0.324310	0.409955	0.128798	0.255395	0.252135	0.106407	0.054728	0.059751	0.096331	0.060317	0.032569	0.024234	0.057405	0.053527	0.036285	0.035710	0.058425	0.097144	0.052087	0.065006	0.110073	361969.0	361969.0
73	0.317395	0.175670	0.184701	0.322235	0.411646	0.129166	0.255295	0.254102	0.107755	0.054234	0.058690	0.096715	0.060525	0.033359	0.024513	0.057273	0.053759	0.036202	0.035091	0.059649	0.096055	0.052350	0.062710	0.111120	361969.0	361969.0
74	0.318094	0.176145	0.181004	0.324757	0.410764	0.127958	0.252610	0.255041	0.106730	0.055085	0.059201	0.097077	0.059389	0.033580	0.024430	0.058745	0.052546	0.035815	0.034133	0.058511	0.097177	0.052935	0.064865	0.109780	361969.0	361969.0
75	0.315842	0.177416	0.182629	0.324113	0.410590	0.129232	0.253663	0.254110	0.107324	0.054455	0.058295	0.095768	0.060663	0.033359	0.025533	0.057861	0.053516	0.035812	0.034528	0.058773	0.097354	0.052745	0.063870	0.110145	361969.0	361969.0
76	0.318856	0.176371	0.182226	0.322547	0.411809	0.129083	0.253519	0.254721	0.107145	0.054784	0.058591	0.098337	0.059361	0.033108	0.024922	0.058980	0.052607	0.035876	0.035177	0.058566	0.096243	0.052549	0.063671	0.110084	361969.0	361969.0
77	0.315356	0.176316	0.182361	0.325967	0.409996	0.128428	0.253475	0.255478	0.106691	0.054295	0.058734	0.095635	0.059806	0.032975	0.024850	0.058685	0.052944	0.035498	0.035105	0.058814	0.097530	0.053679	0.064619	0.110139	361969.0	361969.0
78	0.316972	0.176446	0.183309	0.323274	0.411016	0.128539	0.254569	0.253577	0.107200	0.053657	0.059127	0.096989	0.060806	0.033091	0.024430	0.058118	0.052866	0.035641	0.035376	0.059425	0.096423	0.051963	0.064483	0.110404	361969.0	361969.0
79	0.317295	0.174352	0.183416	0.324937	0.413386	0.127914	0.253558	0.254530	0.106689	0.053737	0.058955	0.097914	0.059850	0.032633	0.024358	0.057510	0.052897	0.035906	0.035017	0.059596	0.097088	0.052692	0.063461	0.111695	361969.0	361969.0
80	0.316524	0.174968	0.181792	0.326716	0.411709	0.126793	0.253975	0.251936	0.105871	0.053574	0.060475	0.096605	0.061105	0.032254	0.024787	0.056823	0.053082	0.035205	0.034547	0.058958	0.098970	0.052596	0.064887	0.110264	361969.0	361969.0
81	0.319027	0.173628	0.184695	0.322649	0.412997	0.127994	0.256525	0.250610	0.107628	0.053576	0.060270	0.097553	0.060665	0.031898	0.024499	0.056566	0.053596	0.036567	0.035031	0.059502	0.097367	0.051698	0.063135	0.110449	361969.0	361969.0
82	0.319257	0.173739	0.182936	0.324069	0.414326	0.127442	0.255315	0.253047	0.108321	0.053455	0.059113	0.098368	0.059765	0.032870	0.023919	0.057184	0.052944	0.035716	0.034937	0.059339	0.097420	0.052775	0.063657	0.110217	361969.0	361969.0
83	0.318450	0.174816	0.181626	0.325108	0.415348	0.126925	0.254207	0.253536	0.108424	0.053734	0.058939	0.097354	0.060596	0.033124	0.024334	0.056762	0.052518	0.035141	0.034326	0.059640	0.098387	0.052466	0.063072	0.111184	361969.0	361969.0
84	0.319925	0.174465	0.180670	0.324939	0.415301	0.125947	0.253931	0.253088	0.108567	0.054300	0.059522	0.097536	0.060817	0.032809	0.024090	0.056748	0.051982	0.035188	0.033859	0.059640	0.097898	0.052231	0.063511	0.111300	361969.0	361969.0
85	0.319265	0.174529	0.180982	0.325224	0.416514	0.126958	0.254334	0.254840	0.108794	0.053927	0.058566	0.097978	0.060632	0.033077	0.023408	0.057411	0.052388	0.035887	0.034586	0.058121	0.097812	0.052422	0.063061	0.111929	361969.0	361969.0
86	0.319627	0.175313	0.179620	0.325439	0.416422	0.125348	0.253903	0.253701	0.108824	0.053814	0.059096	0.097892	0.060455	0.033075	0.023925	0.057859	0.051888	0.034254	0.034094	0.059384	0.098287	0.051350	0.064384	0.111418	361969.0	361969.0
87	0.319456	0.172493	0.181499	0.326553	0.416392	0.125793	0.255668	0.252008	0.108623	0.054267	0.058944	0.097622	0.059834	0.032006	0.024204	0.056450	0.053187	0.034669	0.034915	0.058729	0.098754	0.052159	0.064246	0.111394	361969.0	361969.0
88	0.320398	0.173100	0.182308	0.324194	0.415953	0.125746	0.254464	0.253505	0.108081	0.054052	0.059138	0.099127	0.059151	0.032506	0.023811	0.057632	0.052833	0.035017	0.034412	0.060047	0.097373	0.051996	0.063453	0.111371	361969.0	361969.0
89	0.317439	0.173570	0.180814	0.328177	0.415676	0.123980	0.252618	0.254149	0.108139	0.053634	0.058599	0.097066	0.060364	0.032461	0.023046	0.057698	0.052325	0.034917	0.033555	0.060016	0.098873	0.052391	0.065315	0.111598	361969.0	361969.0
90	0.319701	0.173404	0.180515	0.326379	0.416817	0.124958	0.253268	0.253986	0.107451	0.054806	0.058779	0.098666	0.059762	0.032494	0.023577	0.057571	0.052966	0.034815	0.034072	0.058662	0.098729	0.051949	0.063729	0.111971	361969.0	361969.0
91	0.318909	0.174065	0.180156	0.326871	0.418055	0.124464	0.253223	0.254149	0.109172	0.054480	0.057231	0.098025	0.060088	0.032061	0.024052	0.057864	0.052772	0.034304	0.034047	0.059033	0.098685	0.052051	0.063961	0.112173	361969.0	361969.0
92	0.320718	0.172896	0.179292	0.327094	0.419260	0.125536	0.254207	0.252417	0.108404	0.053864	0.059652	0.098799	0.059908	0.032135	0.024389	0.056463	0.051582	0.034442	0.034569	0.058698	0.100199	0.051960	0.063077	0.111858	361969.0	361969.0
93	0.320094	0.172402	0.181687	0.325818	0.419575	0.125088	0.255563	0.252944	0.109131	0.053123	0.059013	0.098826	0.059652	0.032135	0.024066	0.056549	0.053278	0.034746	0.034141	0.059522	0.098514	0.051156	0.063044	0.113104	361969.0	361969.0
94	0.320574	0.171161	0.180264	0.328000	0.420199	0.125091	0.253348	0.254950	0.108758	0.053847	0.058350	0.099619	0.058080	0.032431	0.023764	0.056886	0.052300	0.034956	0.033939	0.059069	0.098589	0.052400	0.063779	0.113233	361969.0	361969.0
95	0.317726	0.173634	0.179833	0.328807	0.419141	0.123726	0.254071	0.253900	0.108935	0.053052	0.058837	0.096903	0.060897	0.032171	0.024049	0.056516	0.053040	0.034246	0.033260	0.059287	0.099707	0.051618	0.063887	0.113595	361969.0	361969.0
96	0.322580	0.171086	0.180032	0.326301	0.420105	0.124980	0.255356	0.251969	0.111037	0.054052	0.058563	0.098928	0.059361	0.032215	0.024016	0.055494	0.051935	0.034928	0.033821	0.059348	0.097624	0.051745	0.064417	0.112515	361969.0	361969.0
97	0.319958	0.172940	0.180817	0.326285	0.419356	0.125157	0.252016	0.255340	0.109092	0.054237	0.056958	0.099672	0.059527	0.032246	0.023521	0.057646	0.051803	0.035227	0.034163	0.059624	0.098182	0.053038	0.062655	0.112410	361969.0	361969.0
98	0.318605	0.174747	0.177297	0.329351	0.419809	0.122527	0.249038	0.256483	0.107603	0.054681	0.057662	0.098658	0.060964	0.032086	0.023367	0.058331	0.051214	0.034517	0.032558	0.059008	0.099765	0.052283	0.063519	0.113783	361969.0	361969.0
99	0.319547	0.173567	0.177106	0.329780	0.419163	0.123099	0.250894	0.256458	0.108935	0.054530	0.058259	0.097823	0.059980	0.032318	0.023828	0.057441	0.050695	0.033948	0.033006	0.059458	0.098763	0.053057	0.064318	0.113642	361969.0	361969.0
100	0.318373	0.173852	0.179410	0.328365	0.417917	0.125176	0.251748	0.255942	0.108263	0.054054	0.057745	0.098310	0.059580	0.031975	0.023925	0.058372	0.052071	0.035608	0.033669	0.058063	0.098370	0.052621	0.064401	0.112974	361969.0	361969.0
101	0.318284	0.174258	0.179739	0.327719	0.417981	0.124397	0.253395	0.253566	0.108993	0.053046	0.058936	0.097309	0.060163	0.031754	0.024339	0.058002	0.052341	0.035180	0.033124	0.059093	0.098934	0.051065	0.064975	0.112744	361969.0	361969.0
102	0.320431	0.171045	0.181375	0.327150	0.418058	0.125251	0.254721	0.250450	0.109233	0.053855	0.059107	0.098235	0.058903	0.031196	0.024773	0.056173	0.052670	0.035572	0.033710	0.059422	0.098845	0.051336	0.065224	0.111744	361969.0	361969.0
103	0.319652	0.171959	0.182814	0.325575	0.417188	0.124867	0.253444	0.252756	0.107506	0.054922	0.058091	0.099133	0.058765	0.031696	0.024071	0.057428	0.053593	0.034846	0.034254	0.060121	0.098470	0.051554	0.063472	0.112079	361969.0	361969.0
104	0.318334	0.173018	0.179888	0.328760	0.418831	0.123734	0.252674	0.252770	0.107716	0.053115	0.059107	0.098395	0.059616	0.031757	0.024386	0.057259	0.052499	0.034241	0.033351	0.059798	0.100926	0.051960	0.064080	0.111794	361969.0	361969.0
105	0.320757	0.171073	0.180924	0.327246	0.418497	0.123828	0.255627	0.251604	0.109534	0.053615	0.059339	0.098268	0.058933	0.032080	0.023596	0.056463	0.053568	0.034967	0.033185	0.059204	0.099782	0.052148	0.064403	0.110913	361969.0	361969.0
106	0.321818	0.172810	0.180524	0.324848	0.419003	0.123712	0.254729	0.251632	0.109473	0.054110	0.058779	0.099456	0.059502	0.031351	0.024024	0.057933	0.052792	0.034652	0.033685	0.059395	0.098934	0.051209	0.063566	0.111139	361969.0	361969.0
107	0.320701	0.171321	0.180054	0.327923	0.420464	0.124552	0.254058	0.252323	0.109034	0.053306	0.058939	0.099423	0.058980	0.031914	0.023776	0.056651	0.051980	0.034757	0.034105	0.059212	0.099768	0.051518	0.064398	0.112239	361969.0	361969.0
108	0.319762	0.171495	0.181217	0.327525	0.419605	0.125599	0.255389	0.253337	0.108993	0.053400	0.059016	0.098354	0.059118	0.032050	0.024066	0.056262	0.052510	0.034613	0.034870	0.059223	0.099069	0.051836	0.063431	0.113189	361969.0	361969.0
109	0.319690	0.171899	0.181383	0.327028	0.420964	0.125063	0.253721	0.253013	0.109722	0.053579	0.057204	0.099185	0.059290	0.031403	0.023944	0.057262	0.052165	0.035086	0.034630	0.059502	0.099652	0.051944	0.063027	0.112405	361969.0	361969.0
110	0.320829	0.172012	0.178805	0.328354	0.421782	0.123958	0.254069	0.252226	0.109349	0.053438	0.058074	0.099967	0.059975	0.031276	0.023903	0.056858	0.052129	0.034263	0.034517	0.057897	0.100122	0.051748	0.064141	0.112344	361969.0	361969.0
111	0.321574	0.170725	0.180634	0.327067	0.421895	0.123834	0.254201	0.251836	0.109062	0.053444	0.058574	0.100495	0.058552	0.031376	0.023745	0.057052	0.052601	0.034749	0.033964	0.059320	0.100191	0.051261	0.063467	0.112148	361969.0	361969.0
112	0.320406	0.170830	0.179750	0.329014	0.422379	0.123698	0.253530	0.253599	0.109159	0.053433	0.057964	0.099851	0.058773	0.031536	0.023339	0.057182	0.052452	0.034868	0.033956	0.058475	0.099890	0.051402	0.064243	0.113479	361969.0	361969.0
113	0.320273	0.171238	0.179502	0.328987	0.421395	0.124693	0.254212	0.251704	0.109076	0.053065	0.059337	0.098796	0.060038	0.032166	0.023342	0.055693	0.051076	0.034462	0.034724	0.059240	0.100589	0.050910	0.064552	0.112935	361969.0	361969.0
114	0.320779	0.170603	0.181955	0.326663	0.421459	0.123165	0.255787	0.252093	0.109374	0.054090	0.058698	0.098616	0.059721	0.031146	0.023068	0.056668	0.053234	0.034470	0.034481	0.059770	0.099404	0.050214	0.062981	0.114065	361969.0	361969.0
115	0.321732	0.169921	0.179228	0.329119	0.424219	0.122812	0.253403	0.253654	0.110217	0.053574	0.057795	0.100147	0.059505	0.031063	0.022695	0.056657	0.051264	0.034926	0.034127	0.058911	0.099939	0.052018	0.063246	0.113916	361969.0	361969.0
116	0.320925	0.171581	0.177863	0.329630	0.423384	0.122350	0.253030	0.254386	0.109415	0.053759	0.058577	0.099174	0.059751	0.031693	0.022894	0.057242	0.051435	0.034160	0.033602	0.058665	0.100558	0.051214	0.063621	0.114236	361969.0	361969.0
117	0.321160	0.170827	0.178695	0.329318	0.423080	0.122364	0.253933	0.252986	0.109741	0.053891	0.058273	0.099254	0.060602	0.030583	0.023466	0.056176	0.051300	0.033696	0.034619	0.059080	0.099768	0.051911	0.063323	0.114316	361969.0	361969.0
118	0.321412	0.170081	0.179681	0.328827	0.423199	0.123353	0.254243	0.253699	0.109601	0.053723	0.058223	0.099865	0.059632	0.031983	0.022809	0.055657	0.052145	0.034287	0.034274	0.058975	0.099727	0.052051	0.063041	0.114007	361969.0	361969.0
119	0.321105	0.172045	0.178347	0.328503	0.423091	0.121414	0.254920	0.253077	0.110808	0.052977	0.058364	0.098956	0.060873	0.031091	0.023237	0.056845	0.052380	0.033718	0.033367	0.058881	0.100025	0.051839	0.063337	0.113303	361969.0	361969.0
120	0.324086	0.169625	0.178305	0.327984	0.424677	0.122475	0.256094	0.250640	0.111487	0.053922	0.059016	0.099660	0.059861	0.031168	0.023223	0.055372	0.051640	0.034133	0.033950	0.058582	0.100558	0.051129	0.063326	0.112971	361969.0	361969.0
121	0.323547	0.170352	0.179515	0.326586	0.424313	0.122323	0.254779	0.251972	0.110485	0.053342	0.058088	0.101633	0.059986	0.031025	0.023237	0.056104	0.052648	0.034503	0.033558	0.058806	0.098732	0.051380	0.063011	0.113463	361969.0	361969.0
122	0.321851	0.170249	0.177894	0.330006	0.425365	0.121367	0.253179	0.253397	0.110700	0.052643	0.057497	0.101011	0.059516	0.031610	0.022579	0.056544	0.051593	0.033787	0.033390	0.059124	0.100572	0.052162	0.064191	0.113082	361969.0	361969.0
123	0.322381	0.170202	0.177656	0.329760	0.426180	0.123519	0.252469	0.252765	0.109601	0.053692	0.057408	0.101680	0.059558	0.031563	0.023787	0.055295	0.051424	0.034133	0.034036	0.058063	0.100235	0.051242	0.063619	0.114665	361969.0	361969.0
124	0.320818	0.170631	0.178850	0.329702	0.424589	0.122414	0.252721	0.253892	0.109844	0.053184	0.056861	0.100929	0.060146	0.031483	0.023002	0.055999	0.052151	0.034064	0.033865	0.058770	0.099158	0.051750	0.064135	0.114659	361969.0	361969.0
125	0.321298	0.170481	0.177863	0.330357	0.424484	0.121358	0.253801	0.252649	0.109874	0.053911	0.058389	0.099125	0.059547	0.031284	0.023121	0.056530	0.052032	0.033448	0.033506	0.058878	0.101152	0.050502	0.064370	0.114333	361969.0	361969.0
126	0.322605	0.169144	0.179386	0.328865	0.426059	0.121604	0.254997	0.250958	0.110628	0.053016	0.057897	0.101064	0.059182	0.030696	0.023281	0.055985	0.052651	0.033807	0.033821	0.059107	0.100528	0.050438	0.064061	0.113838	361969.0	361969.0
127	0.322989	0.167956	0.179060	0.329995	0.427769	0.121472	0.255624	0.252082	0.111623	0.052795	0.057806	0.100766	0.058817	0.030751	0.022955	0.055433	0.051913	0.033484	0.034282	0.059381	0.100611	0.051129	0.063486	0.114769	361969.0	361969.0
128	0.322964	0.168158	0.178529	0.330349	0.428490	0.121044	0.255555	0.251662	0.112070	0.053389	0.057414	0.100091	0.059237	0.030735	0.022742	0.055444	0.052336	0.033832	0.033735	0.058627	0.101426	0.050582	0.063439	0.114902	361969.0	361969.0
129	0.325069	0.168537	0.177330	0.329064	0.428225	0.121182	0.255793	0.251947	0.112084	0.053737	0.058243	0.101006	0.058806	0.030481	0.023309	0.055941	0.051571	0.033497	0.033895	0.058367	0.100387	0.050778	0.063152	0.114747	361969.0	361969.0
130	0.322848	0.168492	0.178598	0.330061	0.427642	0.121922	0.254497	0.253290	0.111590	0.053546	0.057364	0.100348	0.059085	0.031003	0.023356	0.055049	0.051869	0.033890	0.033674	0.059165	0.099843	0.051377	0.062981	0.115861	361969.0	361969.0
131	0.322387	0.169816	0.177374	0.330423	0.428213	0.120118	0.255174	0.253607	0.112261	0.053071	0.057814	0.099241	0.060069	0.031030	0.022549	0.056168	0.051908	0.033348	0.033191	0.058928	0.101299	0.050996	0.062715	0.115413	361969.0	361969.0
132	0.325536	0.168445	0.176269	0.329749	0.428871	0.119944	0.254560	0.250883	0.111700	0.054024	0.058127	0.101686	0.059569	0.030585	0.023240	0.055052	0.051703	0.033088	0.033030	0.058447	0.101169	0.050930	0.063334	0.114316	361969.0	361969.0
133	0.324141	0.168628	0.177731	0.329501	0.429006	0.122041	0.255248	0.252726	0.112026	0.053369	0.057320	0.101426	0.058350	0.031282	0.023251	0.055745	0.051853	0.033459	0.034050	0.058370	0.100580	0.050725	0.063221	0.114974	361969.0	361969.0
134	0.322809	0.168835	0.177841	0.330514	0.429465	0.121256	0.254105	0.251530	0.111454	0.053808	0.057179	0.100368	0.058422	0.030428	0.023538	0.056447	0.051626	0.033445	0.033845	0.058925	0.103180	0.050192	0.062679	0.114463	361969.0	361969.0
135	0.324683	0.167873	0.177242	0.330202	0.429573	0.121557	0.254480	0.252262	0.110352	0.054018	0.058179	0.102133	0.058906	0.030171	0.023687	0.055110	0.051930	0.033680	0.034019	0.057613	0.100854	0.050747	0.062367	0.116234	361969.0	361969.0
136	0.322041	0.168617	0.178253	0.331089	0.430915	0.122320	0.252936	0.255417	0.110833	0.053325	0.056447	0.101437	0.058132	0.031152	0.023513	0.055820	0.052328	0.034326	0.033329	0.058270	0.101144	0.050944	0.061500	0.117502	361969.0	361969.0
137	0.322436	0.169747	0.174788	0.333029	0.429954	0.120322	0.252853	0.253359	0.111266	0.053858	0.057516	0.099796	0.059375	0.030757	0.023333	0.056281	0.050913	0.033075	0.033158	0.057643	0.103130	0.050560	0.063577	0.115761	361969.0	361969.0
138	0.324685	0.168249	0.177584	0.329481	0.429824	0.121831	0.255022	0.252066	0.111081	0.053582	0.058245	0.101777	0.058687	0.031086	0.023281	0.055195	0.052101	0.033870	0.033594	0.058019	0.101708	0.050526	0.061989	0.115258	361969.0	361969.0
139	0.323577	0.169064	0.177109	0.330249	0.430020	0.121024	0.253552	0.253610	0.111277	0.052759	0.057538	0.102003	0.058878	0.031102	0.022938	0.056146	0.051388	0.033635	0.033348	0.058737	0.101592	0.051214	0.062295	0.115148	361969.0	361969.0
140	0.323135	0.168711	0.176120	0.332034	0.428979	0.121032	0.252864	0.253994	0.110891	0.053908	0.057856	0.100481	0.058287	0.030563	0.023333	0.056527	0.050618	0.033635	0.033500	0.058367	0.102180	0.051477	0.062950	0.115427	361969.0	361969.0
141	0.321975	0.169584	0.177640	0.330802	0.426586	0.122184	0.252712	0.254740	0.109811	0.054565	0.057524	0.100075	0.058635	0.031144	0.023521	0.056284	0.051571	0.033713	0.033807	0.058549	0.100782	0.051394	0.062707	0.115919	361969.0	361969.0
142	0.320798	0.170816	0.177559	0.330827	0.427537	0.121834	0.252251	0.254444	0.110791	0.052930	0.056516	0.100561	0.059911	0.031210	0.023983	0.055712	0.052143	0.033840	0.032801	0.058776	0.100089	0.051427	0.063215	0.116096	361969.0	361969.0
143	0.322934	0.169407	0.176515	0.331144	0.428537	0.120309	0.252574	0.252942	0.111949	0.054137	0.056983	0.099865	0.059776	0.030820	0.022762	0.056049	0.050899	0.033984	0.032743	0.058889	0.101371	0.050720	0.063702	0.115352	361969.0	361969.0
144	0.323995	0.169661	0.176189	0.330155	0.429200	0.120883	0.254237	0.253817	0.111874	0.053695	0.057798	0.100627	0.059303	0.031547	0.022850	0.055961	0.051728	0.033649	0.032837	0.057975	0.100862	0.050474	0.062983	0.115836	361969.0	361969.0
145	0.323768	0.169365	0.176468	0.330398	0.430562	0.121389	0.254569	0.254110	0.112858	0.053325	0.056704	0.100882	0.058908	0.031652	0.023007	0.055798	0.052004	0.033727	0.033003	0.057734	0.101009	0.050847	0.062729	0.115814	361969.0	361969.0
146	0.324779	0.169550	0.175443	0.330227	0.430125	0.119353	0.253718	0.253942	0.111559	0.053110	0.058008	0.102103	0.059950	0.030884	0.022585	0.056132	0.051742	0.033475	0.032409	0.057817	0.100696	0.051159	0.062605	0.115767	361969.0	361969.0
147	0.323948	0.168628	0.175606	0.331818	0.428567	0.121171	0.254679	0.253715	0.111504	0.053662	0.058243	0.100539	0.058908	0.031135	0.022961	0.055624	0.051455	0.033597	0.033478	0.057077	0.101232	0.051665	0.063630	0.115292	361969.0	361969.0
148	0.323099	0.170059	0.178311	0.328531	0.426636	0.120883	0.254124	0.253641	0.111388	0.053107	0.057411	0.101194	0.060146	0.030956	0.022646	0.056311	0.052145	0.034102	0.033180	0.058883	0.099235	0.051554	0.062923	0.114819	361969.0	361969.0
149	0.322914	0.169719	0.176159	0.331208	0.429288	0.121160	0.253392	0.254107	0.110595	0.052057	0.058624	0.101639	0.059345	0.030831	0.023496	0.056046	0.051173	0.033832	0.033000	0.058154	0.100688	0.050863	0.063290	0.116366	361969.0	361969.0
150	0.321801	0.167583	0.178410	0.332205	0.427929	0.120867	0.253533	0.253047	0.110625	0.052891	0.057444	0.100840	0.059345	0.030445	0.022994	0.054800	0.052283	0.034249	0.033180	0.058698	0.100694	0.052032	0.063710	0.115770	361969.0	361969.0
151	0.322948	0.169617	0.177327	0.330108	0.427769	0.120737	0.252204	0.253475	0.111051	0.053317	0.056911	0.101669	0.059837	0.030950	0.023333	0.055496	0.051750	0.033961	0.032492	0.059124	0.099520	0.051499	0.063561	0.115529	361969.0	361969.0
152	0.322157	0.169727	0.176297	0.331818	0.430153	0.121845	0.252969	0.254276	0.110330	0.052949	0.057773	0.101105	0.058942	0.031395	0.023563	0.055828	0.051038	0.033058	0.033829	0.058372	0.102017	0.050352	0.062748	0.116701	361969.0	361969.0
153	0.322326	0.167755	0.177913	0.332006	0.429435	0.121273	0.254732	0.253975	0.112054	0.053463	0.057259	0.099550	0.058895	0.030547	0.023206	0.055107	0.051761	0.033862	0.033658	0.058632	0.100130	0.050620	0.063555	0.117701	361969.0	361969.0
154	0.322840	0.168492	0.177678	0.330990	0.428520	0.119792	0.253781	0.253212	0.111394	0.052919	0.056963	0.101564	0.059928	0.030392	0.022980	0.055193	0.052035	0.033030	0.033390	0.059223	0.099368	0.051433	0.063994	0.116195	361969.0	361969.0
155	0.322724	0.167774	0.177327	0.332175	0.428683	0.119853	0.254251	0.254900	0.111385	0.053206	0.057964	0.100169	0.058237	0.030771	0.022635	0.056132	0.051643	0.033188	0.033260	0.059237	0.101152	0.052021	0.063025	0.115977	361969.0	361969.0
156	0.322417	0.169186	0.176883	0.331515	0.427564	0.120889	0.252406	0.252889	0.111189	0.054704	0.056726	0.099799	0.059842	0.030541	0.023198	0.055604	0.050839	0.033497	0.033652	0.058895	0.100835	0.051002	0.063936	0.115742	361969.0	361969.0
157	0.322704	0.169744	0.177512	0.330039	0.427092	0.120549	0.252091	0.253552	0.111106	0.054184	0.057016	0.100398	0.059809	0.031055	0.023085	0.055795	0.050667	0.033108	0.033301	0.060436	0.099810	0.050924	0.063528	0.115778	361969.0	361969.0
158	0.321392	0.169271	0.176930	0.332407	0.428225	0.119491	0.251140	0.253386	0.110322	0.053673	0.056823	0.100575	0.060364	0.031074	0.022560	0.055273	0.051435	0.033296	0.032561	0.059638	0.101412	0.051123	0.063956	0.115916	361969.0	361969.0
159	0.323533	0.169166	0.175899	0.331401	0.428150	0.119438	0.253718	0.253560	0.110479	0.053289	0.058779	0.100987	0.060030	0.030818	0.022963	0.055356	0.051535	0.032732	0.032925	0.058707	0.100674	0.051377	0.063340	0.116010	361969.0	361969.0
160	0.322718	0.168216	0.178007	0.331059	0.429675	0.119853	0.254356	0.253469	0.111769	0.053184	0.057060	0.100705	0.059317	0.030580	0.022577	0.055742	0.052013	0.033182	0.033514	0.059298	0.100680	0.050626	0.063232	0.116521	361969.0	361969.0
161	0.323779	0.167572	0.176383	0.332266	0.429744	0.118621	0.253781	0.253571	0.110844	0.053250	0.058110	0.101575	0.059082	0.029956	0.022347	0.056187	0.051681	0.033171	0.033146	0.058383	0.101114	0.051217	0.063724	0.116212	361969.0	361969.0
162	0.322721	0.167594	0.177327	0.332357	0.430642	0.120287	0.253226	0.254392	0.110322	0.053052	0.058138	0.101210	0.059046	0.030411	0.022944	0.055193	0.052051	0.034216	0.032716	0.058345	0.100937	0.050615	0.062632	0.118173	361969.0	361969.0
163	0.322356	0.168293	0.176429	0.332921	0.429263	0.120908	0.252472	0.255605	0.110355	0.053389	0.057458	0.101155	0.058842	0.030958	0.022858	0.055635	0.051380	0.033812	0.033279	0.057958	0.100219	0.051477	0.063691	0.117535	361969.0	361969.0
164	0.320795	0.169636	0.177286	0.332283	0.428028	0.120593	0.251502	0.254798	0.109291	0.053074	0.057411	0.101020	0.059403	0.031436	0.022800	0.055997	0.051728	0.033285	0.033072	0.059201	0.101127	0.050775	0.063790	0.116590	361969.0	361969.0
165	0.321550	0.168570	0.177073	0.332808	0.429783	0.121436	0.251295	0.253511	0.109866	0.052952	0.056740	0.101992	0.059276	0.030804	0.023447	0.055043	0.051278	0.033774	0.033412	0.058610	0.101216	0.050955	0.063928	0.116709	361969.0	361969.0
166	0.321635	0.168484	0.177526	0.332354	0.430302	0.120792	0.251104	0.254665	0.110358	0.053342	0.056187	0.101749	0.059549	0.030779	0.022496	0.055659	0.051170	0.034127	0.033390	0.058839	0.101232	0.051264	0.062895	0.116963	361969.0	361969.0
167	0.322309	0.169512	0.174968	0.333211	0.431545	0.119314	0.251629	0.255754	0.111112	0.053405	0.056524	0.101268	0.059784	0.030337	0.022903	0.056488	0.051084	0.033166	0.032909	0.057809	0.100904	0.050667	0.063378	0.118262	361969.0	361969.0
168	0.322884	0.167575	0.175714	0.333827	0.431672	0.120577	0.251845	0.254875	0.111120	0.053684	0.056881	0.101199	0.059497	0.030754	0.022676	0.054648	0.050678	0.033981	0.033166	0.057889	0.100989	0.051109	0.063365	0.118364	361969.0	361969.0
169	0.322285	0.169528	0.176087	0.332100	0.430012	0.119740	0.250897	0.254450	0.111471	0.053250	0.056497	0.101067	0.059635	0.031279	0.022557	0.056057	0.051148	0.034122	0.031782	0.059035	0.101263	0.050902	0.063724	0.116212	361969.0	361969.0
170	0.323517	0.169553	0.174559	0.332371	0.432194	0.119204	0.251055	0.255072	0.111523	0.053516	0.056889	0.101589	0.059431	0.031003	0.022831	0.056289	0.050347	0.033075	0.032296	0.058842	0.102238	0.050935	0.062353	0.116844	361969.0	361969.0
171	0.323539	0.168528	0.174369	0.333564	0.430786	0.119803	0.252983	0.254417	0.112001	0.052855	0.057834	0.100848	0.059489	0.031262	0.022488	0.055289	0.050590	0.033495	0.032558	0.057726	0.101412	0.051341	0.064287	0.116524	361969.0	361969.0
172	0.323492	0.168954	0.177167	0.330387	0.430017	0.120861	0.252814	0.253386	0.112510	0.053021	0.056251	0.101710	0.059787	0.031423	0.022767	0.054977	0.051756	0.034373	0.032298	0.058740	0.099959	0.051148	0.063442	0.115839	361969.0	361969.0
173	0.324011	0.169965	0.174758	0.331266	0.430926	0.120021	0.252524	0.253676	0.111916	0.053361	0.057519	0.101216	0.059649	0.031290	0.022933	0.056093	0.050742	0.033450	0.032348	0.058218	0.102067	0.050565	0.062906	0.115728	361969.0	361969.0
174	0.324373	0.168666	0.175706	0.331255	0.431429	0.119955	0.253312	0.253375	0.113173	0.053355	0.056328	0.101517	0.059218	0.031445	0.022728	0.055275	0.051502	0.033472	0.032309	0.058422	0.101141	0.051057	0.063458	0.115598	361969.0	361969.0
175	0.325033	0.169329	0.174824	0.330813	0.431730	0.120270	0.252461	0.254491	0.112344	0.053488	0.057049	0.102152	0.059756	0.031461	0.022742	0.055369	0.050269	0.033268	0.032798	0.058488	0.100824	0.051250	0.062329	0.116411	361969.0	361969.0
176	0.323193	0.169468	0.174918	0.332421	0.432241	0.118195	0.252209	0.255326	0.112479	0.052996	0.056803	0.100915	0.060113	0.030782	0.022325	0.056248	0.050980	0.033141	0.031947	0.058850	0.101415	0.050863	0.062710	0.117433	361969.0	361969.0
177	0.324986	0.167782	0.173786	0.333446	0.431962	0.119394	0.252176	0.254505	0.112634	0.054300	0.056850	0.101202	0.059011	0.031097	0.022889	0.054786	0.050634	0.033351	0.032058	0.057743	0.101150	0.051645	0.063674	0.116977	361969.0	361969.0
178	0.323428	0.170393	0.175471	0.330708	0.430700	0.119773	0.251765	0.256718	0.112347	0.052808	0.055789	0.102484	0.059925	0.031688	0.022389	0.056392	0.051524	0.033591	0.032105	0.058251	0.099279	0.052049	0.062790	0.116590	361969.0	361969.0
179	0.323075	0.170136	0.173073	0.333716	0.432653	0.119353	0.250784	0.254914	0.112761	0.053717	0.056240	0.100357	0.060154	0.031713	0.022676	0.055593	0.050463	0.033644	0.031320	0.057646	0.102945	0.051018	0.063163	0.116590	361969.0	361969.0
180	0.326324	0.170092	0.173399	0.330186	0.431269	0.119005	0.252218	0.255342	0.112269	0.054402	0.056632	0.103020	0.059690	0.031235	0.022546	0.056621	0.050910	0.032818	0.032406	0.057265	0.099904	0.051410	0.062795	0.116076	361969.0	361969.0
181	0.322773	0.169865	0.174380	0.332982	0.431788	0.119093	0.249745	0.257047	0.111264	0.054549	0.055795	0.101166	0.059682	0.031677	0.022198	0.056309	0.050805	0.033337	0.031881	0.058356	0.101266	0.050968	0.062655	0.118093	361969.0	361969.0
182	0.323017	0.170531	0.172529	0.333924	0.431396	0.117574	0.250433	0.254422	0.111896	0.054192	0.056941	0.099986	0.060450	0.031237	0.022380	0.056463	0.050178	0.032539	0.031417	0.058395	0.103222	0.050430	0.063981	0.116292	361969.0	361969.0
183	0.325746	0.168398	0.174719	0.331136	0.431081	0.118833	0.253353	0.251591	0.113054	0.053499	0.056999	0.102194	0.059486	0.031050	0.022900	0.054963	0.051377	0.032961	0.031923	0.058458	0.101232	0.050977	0.064326	0.114601	361969.0	361969.0
184	0.325149	0.168487	0.176148	0.330216	0.430750	0.120541	0.251464	0.252179	0.111529	0.054391	0.056853	0.102376	0.059439	0.031956	0.022079	0.055013	0.050712	0.034136	0.032370	0.058930	0.101824	0.050189	0.063182	0.115021	361969.0	361969.0
185	0.323503	0.170672	0.174485	0.331341	0.430498	0.119577	0.253052	0.254599	0.111883	0.052800	0.057712	0.101108	0.059983	0.032472	0.022088	0.056129	0.051261	0.032820	0.032196	0.058207	0.101605	0.050095	0.063738	0.115902	361969.0	361969.0
186	0.324732	0.168188	0.175733	0.331346	0.431368	0.119571	0.252975	0.252610	0.111918	0.053612	0.057499	0.101702	0.059013	0.031550	0.022582	0.055043	0.051557	0.033439	0.032000	0.058737	0.101453	0.049722	0.063876	0.116294	361969.0	361969.0
187	0.323942	0.168324	0.175957	0.331777	0.432101	0.120021	0.253320	0.254442	0.112355	0.052797	0.057104	0.101686	0.058958	0.031561	0.022452	0.055353	0.051438	0.033586	0.032423	0.058511	0.101075	0.050543	0.063174	0.116985	361969.0	361969.0
188	0.323826	0.168487	0.175153	0.332534	0.432678	0.118007	0.253041	0.253519	0.112965	0.053159	0.056345	0.101357	0.059624	0.030831	0.022248	0.055784	0.051513	0.032710	0.032218	0.058712	0.101721	0.050269	0.063909	0.116634	361969.0	361969.0
189	0.325823	0.166970	0.174719	0.332487	0.432374	0.117643	0.252704	0.253516	0.111452	0.053427	0.057839	0.103106	0.058751	0.030572	0.021756	0.055892	0.051631	0.033533	0.031782	0.057773	0.101572	0.050808	0.063862	0.116245	361969.0	361969.0
190	0.323406	0.168340	0.175239	0.333015	0.432167	0.119715	0.253682	0.254337	0.112225	0.052510	0.056756	0.101915	0.058649	0.031191	0.022524	0.055977	0.051980	0.033279	0.032721	0.057259	0.102056	0.051198	0.063790	0.115971	361969.0	361969.0
191	0.324909	0.168177	0.175791	0.331122	0.431175	0.119259	0.253392	0.252834	0.111742	0.052985	0.057977	0.102205	0.059041	0.030508	0.022695	0.055933	0.051176	0.033558	0.032497	0.058560	0.101373	0.050537	0.063356	0.115855	361969.0	361969.0
192	0.323332	0.167589	0.176526	0.332553	0.429866	0.119043	0.254958	0.253663	0.112126	0.052422	0.057870	0.100915	0.058964	0.030527	0.022226	0.055872	0.052209	0.033536	0.032754	0.058027	0.101249	0.051687	0.064041	0.115576	361969.0	361969.0
193	0.324547	0.168172	0.176891	0.330390	0.429161	0.119090	0.254309	0.252174	0.111971	0.053206	0.057549	0.101821	0.059372	0.030754	0.022389	0.055657	0.052267	0.033426	0.032522	0.058676	0.100487	0.050880	0.064141	0.114883	361969.0	361969.0
194	0.324097	0.168266	0.176601	0.331037	0.430216	0.120082	0.252897	0.252734	0.111479	0.053720	0.057265	0.101633	0.058524	0.031144	0.022458	0.056140	0.051911	0.034238	0.032243	0.058209	0.101647	0.049993	0.063939	0.115457	361969.0	361969.0
195	0.323561	0.169095	0.175905	0.331440	0.430288	0.119524	0.252878	0.252334	0.111407	0.053195	0.057698	0.101260	0.059815	0.031406	0.022952	0.054922	0.051828	0.033221	0.031945	0.058911	0.102042	0.050427	0.063392	0.115579	361969.0	361969.0
196	0.325091	0.168249	0.175987	0.330672	0.431214	0.120231	0.253353	0.252353	0.112606	0.053496	0.057328	0.101661	0.059364	0.030862	0.022648	0.055375	0.050767	0.034069	0.032652	0.058499	0.101470	0.050640	0.063086	0.115477	361969.0	361969.0
197	0.324207	0.169067	0.175714	0.331012	0.431073	0.119057	0.253757	0.252558	0.112452	0.052993	0.057596	0.101166	0.059389	0.031044	0.022588	0.056046	0.051717	0.033434	0.031992	0.058571	0.101768	0.049781	0.063776	0.115687	361969.0	361969.0
198	0.325326	0.167252	0.175952	0.331470	0.432648	0.120676	0.254002	0.251121	0.113380	0.053905	0.056977	0.101064	0.058607	0.031077	0.023331	0.054237	0.051120	0.033743	0.032525	0.058563	0.102279	0.049883	0.063384	0.115924	361969.0	361969.0
199	0.325387	0.168608	0.176217	0.329788	0.433073	0.119908	0.253378	0.251762	0.113372	0.053063	0.056295	0.102658	0.059585	0.030942	0.022629	0.055452	0.051129	0.033754	0.032583	0.058751	0.101517	0.049841	0.062903	0.115526	361969.0	361969.0
