Offset	A	C	G	T	A/T	C/G	A/G	C/T	AA	AC	AG	AT	CA	CC	CG	CT	GA	GC	GG	GT	TA	TC	TG	TT	N	NN
-50	0.268564	0.177623	0.260712	0.293101	0.341941	0.197175	0.309216	0.227868	0.090944	0.048587	0.058253	0.070779	0.051863	0.037259	0.038133	0.050367	0.079956	0.041720	0.080063	0.058973	0.092300	0.052324	0.060560	0.087918	408439.0	408439.0
-49	0.315063	0.179890	0.237010	0.268038	0.361376	0.162947	0.319472	0.217619	0.118720	0.047779	0.066394	0.082169	0.059458	0.036777	0.034008	0.049648	0.081660	0.039465	0.052698	0.063187	0.079180	0.049887	0.057663	0.081307	408439.0	408439.0
-48	0.339018	0.173908	0.210763	0.276311	0.340225	0.171840	0.294822	0.224736	0.089394	0.054877	0.091705	0.103041	0.055641	0.033853	0.034896	0.049518	0.052027	0.041394	0.061696	0.055646	0.072207	0.065782	0.062739	0.075583	408439.0	408439.0
-47	0.269269	0.195907	0.251036	0.283788	0.316909	0.189935	0.274969	0.245623	0.078815	0.055112	0.062962	0.072380	0.076819	0.032617	0.034774	0.051697	0.057291	0.046643	0.075901	0.071200	0.063882	0.059478	0.058596	0.101832	408439.0	408439.0
-46	0.276808	0.193850	0.232233	0.297109	0.308969	0.163865	0.246318	0.224658	0.070047	0.057046	0.075069	0.074645	0.070233	0.039387	0.034774	0.049457	0.054194	0.042697	0.047008	0.088334	0.086740	0.058278	0.074555	0.077537	408439.0	408439.0
-45	0.281215	0.197408	0.231405	0.289972	0.301604	0.195809	0.262651	0.227273	0.072900	0.055098	0.071337	0.081880	0.060114	0.035469	0.040687	0.061138	0.052625	0.053864	0.065790	0.059128	0.068049	0.051890	0.091257	0.078776	408439.0	408439.0
-44	0.253688	0.196321	0.269071	0.280921	0.313998	0.214634	0.276888	0.253632	0.075069	0.054370	0.055254	0.068994	0.061316	0.038640	0.035814	0.060550	0.068510	0.062124	0.078056	0.060381	0.065797	0.050304	0.060682	0.104138	408439.0	408439.0
-43	0.270692	0.205438	0.229807	0.294063	0.302478	0.169969	0.278365	0.248502	0.077583	0.050930	0.070199	0.071979	0.058151	0.048100	0.035628	0.063559	0.084811	0.040469	0.045772	0.058755	0.062039	0.045965	0.095182	0.090878	408439.0	408439.0
-42	0.282583	0.185465	0.246781	0.285171	0.306026	0.185313	0.270439	0.234429	0.072331	0.053381	0.082490	0.074381	0.058753	0.040288	0.034061	0.052363	0.055428	0.050774	0.060190	0.080389	0.066563	0.049028	0.076829	0.092751	408439.0	408439.0
-41	0.253076	0.193471	0.253570	0.299883	0.304633	0.219262	0.278113	0.259610	0.072838	0.050825	0.061005	0.068407	0.064565	0.042403	0.038025	0.048477	0.053254	0.047819	0.091015	0.061483	0.065488	0.070831	0.065665	0.097900	408439.0	408439.0
-40	0.256146	0.211877	0.255710	0.276266	0.296737	0.241950	0.284632	0.225801	0.072951	0.062494	0.051834	0.068867	0.059483	0.040239	0.060582	0.051574	0.061285	0.042567	0.098563	0.053296	0.068343	0.047412	0.073935	0.086576	408439.0	408439.0
-39	0.262061	0.192712	0.284914	0.260313	0.282603	0.207152	0.321850	0.227498	0.076645	0.056581	0.065660	0.063175	0.063606	0.043184	0.033775	0.052147	0.095738	0.046386	0.083807	0.058983	0.059541	0.048925	0.068605	0.083241	408439.0	408439.0
-38	0.295530	0.195077	0.251847	0.257546	0.304596	0.177777	0.299075	0.240364	0.070052	0.051308	0.089396	0.084774	0.061816	0.043079	0.034661	0.055521	0.089032	0.049442	0.050595	0.062778	0.056569	0.048563	0.059213	0.093201	408439.0	408439.0
-37	0.277469	0.192391	0.233866	0.296274	0.288932	0.193765	0.287546	0.225539	0.071832	0.047096	0.097684	0.060856	0.055857	0.038782	0.044905	0.052848	0.057764	0.049812	0.060266	0.066025	0.074346	0.052013	0.088018	0.081897	408439.0	408439.0
-36	0.259799	0.187702	0.290873	0.261625	0.300811	0.232803	0.307267	0.225368	0.076383	0.046935	0.063912	0.072569	0.053793	0.040165	0.036199	0.057546	0.069614	0.059081	0.097358	0.064820	0.077747	0.053545	0.056221	0.074111	408439.0	408439.0
-35	0.277537	0.199726	0.253690	0.269046	0.278624	0.192636	0.289032	0.227868	0.067550	0.053016	0.089201	0.067770	0.068490	0.042219	0.039720	0.049297	0.084862	0.063278	0.047420	0.058131	0.063488	0.056535	0.069207	0.079816	408439.0	408439.0
-34	0.284390	0.215048	0.245547	0.255015	0.279863	0.192418	0.283812	0.243662	0.065381	0.049963	0.104630	0.064416	0.059862	0.042812	0.038131	0.074244	0.060308	0.057982	0.053494	0.073764	0.071854	0.048394	0.056554	0.078212	408439.0	408439.0
-33	0.257404	0.199151	0.252809	0.290636	0.309591	0.204295	0.233815	0.249991	0.070706	0.049273	0.063309	0.074116	0.050424	0.039394	0.049280	0.060053	0.047735	0.063557	0.052064	0.089453	0.063921	0.049697	0.076170	0.100847	408439.0	408439.0
-32	0.232786	0.201920	0.240824	0.324470	0.288807	0.177373	0.223032	0.263755	0.066287	0.051114	0.053129	0.062257	0.049537	0.038853	0.046063	0.067467	0.056491	0.045331	0.047126	0.091877	0.073896	0.071068	0.093138	0.086368	408439.0	408439.0
-31	0.246211	0.206366	0.239456	0.307968	0.326546	0.179789	0.227743	0.238246	0.071311	0.045642	0.058858	0.070400	0.055959	0.058687	0.036595	0.055125	0.055607	0.042540	0.041967	0.099342	0.111028	0.050627	0.072505	0.073808	408439.0	408439.0
-30	0.293904	0.197496	0.209926	0.298674	0.353992	0.161322	0.227833	0.236618	0.070373	0.069254	0.060829	0.093448	0.055773	0.037051	0.033305	0.071367	0.055656	0.049990	0.040976	0.063304	0.114007	0.052037	0.056466	0.076163	408439.0	408439.0
-29	0.295809	0.208332	0.191576	0.304283	0.355211	0.167873	0.223828	0.262854	0.072855	0.083711	0.054471	0.084772	0.056349	0.045750	0.039624	0.066610	0.053112	0.039110	0.043390	0.055964	0.091206	0.044117	0.062582	0.106378	408439.0	408439.0
-28	0.273522	0.212688	0.200067	0.313724	0.355914	0.167398	0.218850	0.266316	0.070791	0.050037	0.058858	0.093835	0.050331	0.038755	0.036816	0.086787	0.049187	0.051814	0.040013	0.059052	0.094286	0.043774	0.078663	0.097001	408439.0	408439.0
-27	0.264595	0.184380	0.214350	0.336675	0.384366	0.161082	0.241316	0.251090	0.076508	0.055656	0.051795	0.080636	0.058569	0.038912	0.033623	0.053276	0.071646	0.047180	0.041367	0.054157	0.114012	0.045693	0.063760	0.113209	408439.0	408439.0
-26	0.320736	0.187440	0.190545	0.301279	0.375721	0.178986	0.288946	0.215956	0.112612	0.048786	0.086238	0.073100	0.049288	0.039854	0.049168	0.049131	0.048428	0.048296	0.041668	0.052152	0.116686	0.053648	0.057622	0.073323	408439.0	408439.0
-25	0.327013	0.190584	0.234696	0.247707	0.344676	0.200725	0.318650	0.223363	0.139140	0.063047	0.057827	0.066999	0.052706	0.047407	0.038096	0.052375	0.059211	0.052750	0.062472	0.060264	0.064805	0.049848	0.059321	0.073732	408439.0	408439.0
-24	0.315861	0.213053	0.217717	0.253370	0.292959	0.191732	0.264167	0.253707	0.078146	0.099151	0.072062	0.066502	0.061764	0.046656	0.035540	0.069092	0.052353	0.047931	0.061605	0.055827	0.058751	0.048399	0.056660	0.089560	408439.0	408439.0
-23	0.251014	0.242137	0.225867	0.280982	0.281070	0.215878	0.216172	0.308372	0.071979	0.055541	0.052218	0.071276	0.057370	0.056662	0.038828	0.089276	0.048330	0.076743	0.043644	0.057149	0.057250	0.081868	0.061299	0.080565	408439.0	408439.0
-22	0.234929	0.270814	0.195990	0.298267	0.279709	0.198005	0.224868	0.300554	0.074890	0.050989	0.053670	0.055379	0.072606	0.045309	0.063353	0.089546	0.050957	0.043992	0.045351	0.055690	0.074403	0.090662	0.058165	0.075037	408439.0	408439.0
-21	0.272856	0.230952	0.220540	0.275652	0.298605	0.200495	0.267670	0.253896	0.077218	0.056804	0.071790	0.067043	0.085325	0.046129	0.042009	0.057490	0.051947	0.045642	0.066715	0.056236	0.064460	0.060393	0.060915	0.089884	408439.0	408439.0
-20	0.278950	0.208969	0.241429	0.270652	0.281139	0.209263	0.287908	0.258359	0.085273	0.050453	0.085810	0.057414	0.063978	0.049405	0.037962	0.057624	0.059576	0.064646	0.057250	0.059958	0.064526	0.077404	0.054796	0.073925	408439.0	408439.0
-19	0.273353	0.241909	0.235817	0.248921	0.278230	0.244416	0.266522	0.273042	0.082247	0.054162	0.077804	0.059140	0.057788	0.068240	0.043857	0.072023	0.051636	0.077483	0.054836	0.051863	0.057727	0.053663	0.058415	0.079116	408439.0	408439.0
-18	0.249398	0.253548	0.234911	0.262142	0.271681	0.186973	0.251692	0.271181	0.074200	0.046590	0.056716	0.071893	0.080619	0.048727	0.037408	0.086794	0.065501	0.045561	0.055276	0.068573	0.054258	0.064330	0.072224	0.071330	408439.0	408439.0
-17	0.274577	0.205208	0.221624	0.298590	0.280524	0.185604	0.268855	0.245939	0.065430	0.050607	0.092481	0.066059	0.057088	0.038953	0.045574	0.063593	0.063145	0.053278	0.047799	0.057401	0.068666	0.063023	0.086532	0.080369	408439.0	408439.0
-16	0.254329	0.205862	0.272386	0.267423	0.285891	0.213403	0.264749	0.246558	0.068632	0.048867	0.061094	0.075737	0.056647	0.042658	0.042476	0.064081	0.084781	0.078026	0.050243	0.059336	0.064825	0.063123	0.062778	0.076697	408439.0	408439.0
-15	0.274886	0.232674	0.216590	0.275850	0.310477	0.181699	0.233829	0.258318	0.065038	0.049956	0.061762	0.098130	0.088552	0.037026	0.046435	0.060660	0.056740	0.047948	0.050289	0.061613	0.052431	0.065753	0.062788	0.094878	408439.0	408439.0
-14	0.262761	0.200684	0.221274	0.315281	0.305091	0.183036	0.232120	0.275554	0.067454	0.060175	0.060217	0.074914	0.069489	0.040349	0.038297	0.052549	0.055832	0.055773	0.048617	0.061052	0.070187	0.090121	0.062438	0.092535	408439.0	408439.0
-13	0.262962	0.246419	0.209569	0.281051	0.282231	0.196999	0.245278	0.265646	0.090403	0.066012	0.051464	0.055083	0.091610	0.053531	0.047390	0.053888	0.055445	0.048112	0.047966	0.058045	0.057353	0.078834	0.065471	0.079393	408439.0	408439.0
-12	0.294810	0.246490	0.212291	0.246409	0.318258	0.212142	0.268248	0.254207	0.109681	0.053034	0.059600	0.072496	0.066181	0.051618	0.061304	0.067386	0.052566	0.052818	0.046401	0.060506	0.056329	0.055450	0.054877	0.079752	408439.0	408439.0
-11	0.284757	0.212920	0.222183	0.280140	0.299893	0.197217	0.253759	0.259493	0.074726	0.049364	0.061121	0.099547	0.066098	0.044482	0.042582	0.059759	0.055164	0.047405	0.062749	0.056865	0.050940	0.080573	0.073947	0.074679	408439.0	408439.0
-10	0.246928	0.221823	0.240398	0.290851	0.280463	0.208513	0.267619	0.248972	0.071636	0.045867	0.058937	0.070488	0.065048	0.035638	0.044322	0.076814	0.052152	0.043659	0.084894	0.059693	0.059627	0.057808	0.094704	0.078712	408439.0	408439.0
-9	0.248463	0.182972	0.282857	0.285707	0.288180	0.207696	0.304998	0.247633	0.085584	0.042702	0.064511	0.055666	0.050970	0.035819	0.042114	0.054069	0.073237	0.048098	0.081665	0.079858	0.053560	0.064374	0.074403	0.093370	408439.0	408439.0
-8	0.263351	0.190993	0.262693	0.282963	0.293797	0.185093	0.278010	0.249589	0.069631	0.051844	0.065079	0.076797	0.063194	0.035406	0.041813	0.050580	0.088214	0.052789	0.055085	0.066605	0.059326	0.075561	0.060033	0.088043	408439.0	408439.0
-7	0.280365	0.215599	0.222011	0.282025	0.329800	0.209701	0.240026	0.270444	0.075008	0.055651	0.063155	0.086551	0.063677	0.059835	0.040706	0.051381	0.054290	0.061586	0.047574	0.058562	0.069411	0.060398	0.053386	0.098830	408439.0	408439.0
-6	0.262384	0.237470	0.204821	0.295324	0.303918	0.186564	0.235093	0.311045	0.073152	0.059409	0.063672	0.066152	0.079625	0.061877	0.033564	0.062403	0.050034	0.042888	0.048235	0.063664	0.056092	0.078242	0.052468	0.108523	408439.0	408439.0
-5	0.258903	0.242416	0.197939	0.300743	0.266402	0.167308	0.230284	0.313976	0.081170	0.056831	0.059370	0.061532	0.079324	0.043622	0.038782	0.080688	0.051961	0.047121	0.037783	0.061074	0.050130	0.116096	0.060947	0.073570	408439.0	408439.0
-4	0.262585	0.263670	0.196881	0.276864	0.276727	0.188594	0.240347	0.281029	0.072544	0.051971	0.064764	0.073306	0.059370	0.042797	0.057051	0.104451	0.051878	0.037585	0.051161	0.056258	0.058055	0.060959	0.085029	0.072821	408439.0	408439.0
-3	0.241848	0.193312	0.258004	0.306837	0.281868	0.171881	0.240237	0.301034	0.061084	0.050473	0.057798	0.072493	0.039688	0.030656	0.037866	0.085102	0.062531	0.044535	0.058824	0.092114	0.051880	0.088865	0.069680	0.096411	408439.0	408439.0
-2	0.215183	0.214529	0.224168	0.346120	0.249626	0.199562	0.165479	0.408174	0.047322	0.071812	0.039176	0.056873	0.038390	0.059397	0.023098	0.093644	0.044034	0.082120	0.034948	0.063067	0.039472	0.149173	0.051516	0.105960	408439.0	408439.0
-1	0.169217	0.362502	0.148737	0.319543	0.216537	0.175456	0.185418	0.227902	0.042900	0.039595	0.051420	0.035303	0.224283	0.055788	0.047699	0.034732	0.046046	0.026917	0.045052	0.030722	0.096423	0.095471	0.085739	0.041911	408439.0	408439.0
0	0.409652	0.217771	0.229909	0.142668	0.209353	0.183709	0.354636	0.165138	0.063801	0.085151	0.183841	0.076858	0.071981	0.030110	0.057982	0.057698	0.055859	0.044484	0.051134	0.078433	0.028249	0.036887	0.037088	0.040444	408439.0	408439.0
1	0.219891	0.196632	0.330044	0.253433	0.230350	0.164404	0.239595	0.270838	0.048898	0.073862	0.054916	0.042214	0.050228	0.037114	0.034879	0.074410	0.080281	0.036911	0.055499	0.157353	0.044944	0.065021	0.049175	0.094293	408439.0	408439.0
2	0.224352	0.212908	0.194470	0.368270	0.264749	0.159955	0.223333	0.343128	0.050142	0.063770	0.068341	0.042099	0.047775	0.036172	0.046629	0.082333	0.056248	0.028553	0.048602	0.061067	0.063055	0.115170	0.080592	0.109453	408439.0	408439.0
3	0.217220	0.243664	0.244164	0.294952	0.248840	0.215961	0.247949	0.301125	0.061813	0.047873	0.060156	0.047378	0.067687	0.055267	0.057078	0.063633	0.060038	0.037675	0.065941	0.080509	0.042244	0.084820	0.070483	0.097405	408439.0	408439.0
4	0.231782	0.225635	0.253658	0.288924	0.215263	0.219210	0.242861	0.268424	0.053964	0.070735	0.053261	0.053822	0.062570	0.037986	0.067136	0.057943	0.062141	0.040594	0.073494	0.077429	0.042912	0.107930	0.073516	0.064565	408439.0	408439.0
5	0.221588	0.257245	0.267408	0.253759	0.191123	0.246649	0.268273	0.254834	0.045551	0.051858	0.081569	0.042609	0.043419	0.040253	0.088784	0.084789	0.066791	0.043250	0.074361	0.083006	0.040319	0.067148	0.083648	0.062643	408439.0	408439.0
6	0.196081	0.202510	0.328362	0.273047	0.212487	0.255740	0.256249	0.230426	0.047398	0.041069	0.055820	0.051795	0.045402	0.033195	0.056765	0.067148	0.058777	0.071526	0.094254	0.103805	0.057597	0.074386	0.085366	0.055697	408439.0	408439.0
7	0.209174	0.220175	0.292205	0.278445	0.192565	0.195260	0.226078	0.240428	0.046203	0.062173	0.059142	0.041656	0.066233	0.034708	0.050784	0.068451	0.059732	0.048769	0.061001	0.122704	0.049929	0.082492	0.091247	0.054777	408439.0	408439.0
8	0.222097	0.228142	0.262174	0.287588	0.176624	0.219281	0.275674	0.265795	0.042611	0.046842	0.096186	0.036458	0.071590	0.034118	0.055502	0.066933	0.056860	0.049645	0.080017	0.075651	0.041597	0.108787	0.081246	0.055957	408439.0	408439.0
9	0.212658	0.239392	0.312950	0.235000	0.170106	0.249758	0.303943	0.217244	0.042021	0.040207	0.091140	0.039291	0.073539	0.037301	0.059179	0.069374	0.078873	0.061370	0.091908	0.080798	0.038045	0.059820	0.086385	0.050749	408439.0	408439.0
10	0.232478	0.198698	0.328612	0.240212	0.182005	0.211366	0.322619	0.206280	0.048560	0.040077	0.105166	0.038674	0.043879	0.029351	0.058420	0.067048	0.094731	0.049435	0.074160	0.110286	0.041362	0.056474	0.088968	0.053408	408439.0	408439.0
11	0.228534	0.175336	0.326715	0.269416	0.208616	0.221514	0.293280	0.237316	0.054569	0.045069	0.085188	0.043708	0.041661	0.031116	0.047909	0.054650	0.074229	0.063194	0.079295	0.109997	0.040919	0.082130	0.076947	0.069420	408439.0	408439.0
12	0.211378	0.221509	0.289338	0.277775	0.237492	0.239042	0.268361	0.261909	0.051672	0.064656	0.053396	0.041654	0.059904	0.060021	0.049077	0.052507	0.088699	0.055350	0.074594	0.070696	0.056682	0.061897	0.071712	0.087484	408439.0	408439.0
13	0.256956	0.241924	0.248779	0.252341	0.228871	0.215570	0.295949	0.236642	0.062920	0.052422	0.098446	0.043169	0.050673	0.040797	0.068554	0.081900	0.075458	0.047094	0.059125	0.067102	0.070211	0.061375	0.068184	0.052571	408439.0	408439.0
14	0.259263	0.201687	0.294308	0.244742	0.212066	0.230764	0.285054	0.225970	0.057108	0.063770	0.091801	0.046585	0.039041	0.035584	0.054069	0.072993	0.076063	0.081028	0.060082	0.077135	0.055293	0.064313	0.072055	0.053080	408439.0	408439.0
15	0.227505	0.244695	0.278007	0.249793	0.210012	0.217232	0.214235	0.298248	0.050997	0.076420	0.050659	0.049430	0.037572	0.035014	0.045941	0.126168	0.060538	0.084235	0.052042	0.081192	0.043681	0.071161	0.069046	0.065905	408439.0	408439.0
16	0.192788	0.266831	0.217687	0.322694	0.229393	0.220755	0.213804	0.312651	0.051917	0.049273	0.050688	0.040909	0.040253	0.046452	0.071697	0.108427	0.057348	0.048754	0.053851	0.057734	0.079319	0.100524	0.085604	0.057247	408439.0	408439.0
17	0.228837	0.245004	0.261841	0.264319	0.198507	0.243872	0.273860	0.272153	0.066517	0.065373	0.059025	0.037922	0.050678	0.053905	0.067063	0.073357	0.075779	0.050365	0.072540	0.063158	0.041176	0.091999	0.078252	0.052892	408439.0	408439.0
18	0.234150	0.261642	0.276879	0.227329	0.228622	0.248346	0.247432	0.277449	0.056148	0.049200	0.058533	0.070270	0.043495	0.075274	0.056657	0.086216	0.068147	0.051809	0.064605	0.092317	0.045943	0.059698	0.065427	0.056261	408439.0	408439.0
19	0.213733	0.235981	0.245221	0.305064	0.233521	0.216639	0.235389	0.248135	0.058746	0.051885	0.055232	0.047870	0.049829	0.037051	0.079902	0.069200	0.075666	0.053942	0.045745	0.069868	0.071367	0.086346	0.091813	0.055538	408439.0	408439.0
20	0.255607	0.229224	0.272692	0.242477	0.224347	0.223970	0.294191	0.242122	0.058885	0.057629	0.086263	0.052830	0.048793	0.046683	0.052147	0.081601	0.094359	0.070456	0.054684	0.053193	0.058111	0.059319	0.070527	0.054520	408439.0	408439.0
21	0.260149	0.234086	0.263621	0.242144	0.225706	0.229028	0.292430	0.242440	0.062411	0.050654	0.099640	0.047444	0.072873	0.047623	0.050296	0.063295	0.070987	0.071717	0.059392	0.061524	0.044188	0.059860	0.066433	0.071663	408439.0	408439.0
22	0.250458	0.229853	0.275762	0.243926	0.213053	0.263447	0.242616	0.215224	0.058848	0.077568	0.064328	0.049714	0.062279	0.033714	0.072892	0.060969	0.061684	0.099085	0.057756	0.057237	0.051102	0.067153	0.072283	0.053389	408439.0	408439.0
23	0.233913	0.277520	0.267259	0.221308	0.220023	0.247711	0.262037	0.210029	0.062526	0.051288	0.069614	0.050485	0.077226	0.033550	0.098499	0.068245	0.065192	0.050957	0.064705	0.086405	0.046428	0.047650	0.066646	0.060584	408439.0	408439.0
24	0.251372	0.183445	0.299465	0.265719	0.272016	0.219303	0.259904	0.212707	0.071634	0.058094	0.054157	0.067486	0.049040	0.032516	0.045503	0.056385	0.059245	0.066416	0.074868	0.098935	0.075154	0.066064	0.066759	0.057742	408439.0	408439.0
25	0.255074	0.223091	0.241287	0.280549	0.277216	0.211542	0.266297	0.234089	0.077524	0.064923	0.057367	0.055259	0.067143	0.034671	0.060053	0.061223	0.065040	0.050453	0.066365	0.059429	0.085785	0.079547	0.056569	0.058648	408439.0	408439.0
26	0.295493	0.229594	0.240354	0.234559	0.283768	0.203555	0.310022	0.202160	0.109238	0.055930	0.074515	0.055810	0.085815	0.034228	0.051567	0.057984	0.055362	0.046854	0.070907	0.067232	0.062817	0.054045	0.061794	0.055903	408439.0	408439.0
27	0.313232	0.191057	0.258783	0.236929	0.264277	0.202057	0.302873	0.205867	0.067804	0.062413	0.101638	0.081376	0.060217	0.035046	0.039952	0.055842	0.070121	0.063750	0.063309	0.061603	0.058261	0.058143	0.063689	0.056836	408439.0	408439.0
28	0.256403	0.219352	0.268588	0.255656	0.274810	0.199648	0.267519	0.210651	0.090826	0.055541	0.055076	0.054960	0.072043	0.034196	0.042413	0.070701	0.072816	0.074239	0.048800	0.072733	0.064445	0.041176	0.085457	0.064578	408439.0	408439.0
29	0.300130	0.205152	0.231746	0.262972	0.279018	0.165009	0.263126	0.242947	0.093512	0.074870	0.070417	0.061331	0.049001	0.035347	0.036909	0.083895	0.052152	0.045708	0.047045	0.086840	0.060149	0.059678	0.079118	0.064027	408439.0	408439.0
30	0.254814	0.215604	0.233489	0.296093	0.251232	0.220329	0.238890	0.234397	0.071869	0.071036	0.050257	0.061652	0.054696	0.046071	0.051168	0.063669	0.045892	0.052218	0.070872	0.064507	0.054211	0.061157	0.117224	0.063500	408439.0	408439.0
31	0.226668	0.230482	0.289522	0.253328	0.253587	0.254236	0.277182	0.232750	0.066994	0.056067	0.048827	0.054779	0.077520	0.040128	0.045600	0.067234	0.047537	0.054684	0.113824	0.073477	0.060535	0.054108	0.067405	0.071279	408439.0	408439.0
32	0.252586	0.204988	0.275657	0.266769	0.284011	0.210582	0.282417	0.244110	0.066668	0.049153	0.052059	0.084705	0.056537	0.035354	0.041441	0.071656	0.076366	0.046465	0.087323	0.065503	0.055842	0.060305	0.073827	0.076795	408439.0	408439.0
33	0.255414	0.191277	0.254650	0.298659	0.267212	0.187751	0.260051	0.243334	0.063811	0.066240	0.064783	0.060579	0.054483	0.039396	0.043194	0.054204	0.082879	0.056584	0.048578	0.066610	0.074055	0.080967	0.074870	0.068767	408439.0	408439.0
34	0.275228	0.243187	0.231425	0.250160	0.260778	0.200307	0.261816	0.256464	0.068326	0.062952	0.085300	0.058650	0.068473	0.045473	0.042415	0.086826	0.048712	0.052941	0.059478	0.070294	0.062119	0.052483	0.063875	0.071683	408439.0	408439.0
35	0.247631	0.213848	0.251068	0.287453	0.281009	0.196122	0.265773	0.264250	0.067807	0.048923	0.060317	0.070583	0.058577	0.033222	0.040714	0.081337	0.063231	0.047770	0.074417	0.065650	0.069315	0.076388	0.068446	0.073303	408439.0	408439.0
36	0.258930	0.206303	0.243894	0.290873	0.304449	0.190648	0.267724	0.250199	0.086764	0.051310	0.052894	0.067961	0.056092	0.057803	0.037888	0.054520	0.081753	0.048644	0.046313	0.067185	0.070292	0.058444	0.082705	0.079432	408439.0	408439.0
37	0.294901	0.216201	0.219800	0.269098	0.318101	0.174202	0.256308	0.248419	0.112751	0.071068	0.052306	0.058775	0.054740	0.042222	0.052879	0.066360	0.049643	0.037494	0.041607	0.091056	0.063520	0.056782	0.065741	0.083055	408439.0	408439.0
38	0.280654	0.207566	0.212534	0.299247	0.264174	0.162460	0.218449	0.271020	0.071950	0.098965	0.053832	0.055908	0.047899	0.045414	0.039649	0.074604	0.054091	0.038821	0.038576	0.081045	0.053158	0.067844	0.095086	0.083158	408439.0	408439.0
39	0.227099	0.251044	0.227143	0.294715	0.288459	0.184784	0.237125	0.333034	0.072067	0.047018	0.053139	0.054875	0.049317	0.049794	0.040552	0.111380	0.067188	0.049706	0.044731	0.065518	0.057624	0.067966	0.065231	0.103893	408439.0	408439.0
40	0.246196	0.214485	0.203653	0.335666	0.271377	0.179684	0.227946	0.285533	0.060401	0.054640	0.074743	0.056412	0.049959	0.039210	0.056922	0.068395	0.050093	0.040843	0.042709	0.070008	0.068125	0.091490	0.089612	0.086439	408439.0	408439.0
41	0.228578	0.226183	0.263986	0.281254	0.275052	0.223982	0.231006	0.254324	0.067565	0.047065	0.053543	0.060406	0.048974	0.039516	0.067104	0.070588	0.052958	0.060420	0.056941	0.093666	0.059987	0.057125	0.077047	0.087095	408439.0	408439.0
42	0.229483	0.204126	0.254635	0.311755	0.311383	0.214835	0.256327	0.290876	0.068475	0.042516	0.055181	0.063312	0.046154	0.042063	0.041583	0.074327	0.057864	0.056383	0.074807	0.065581	0.064715	0.059605	0.072554	0.114881	408439.0	408439.0
43	0.237208	0.200566	0.244125	0.318101	0.321823	0.211921	0.231075	0.294862	0.077921	0.043561	0.054248	0.061478	0.046105	0.035714	0.055790	0.062957	0.053697	0.075208	0.045209	0.070010	0.060819	0.074586	0.061091	0.121604	408439.0	408439.0
44	0.238542	0.229070	0.216338	0.316050	0.287943	0.198855	0.226413	0.291003	0.070001	0.043928	0.066627	0.057987	0.049422	0.034463	0.066255	0.078930	0.047057	0.055409	0.042729	0.071144	0.069785	0.087440	0.068654	0.090170	408439.0	408439.0
45	0.236265	0.221240	0.244264	0.298231	0.276790	0.209980	0.225010	0.275255	0.071203	0.048676	0.053864	0.062523	0.046433	0.042594	0.039225	0.092988	0.043358	0.071575	0.056586	0.072745	0.065239	0.061848	0.093319	0.077826	408439.0	408439.0
46	0.226232	0.224692	0.242993	0.306082	0.290063	0.157926	0.222085	0.292029	0.064477	0.050948	0.050162	0.060646	0.059319	0.032548	0.035597	0.097229	0.063934	0.046269	0.043512	0.089279	0.063356	0.060668	0.080475	0.101584	408439.0	408439.0
47	0.251085	0.190432	0.209745	0.348738	0.295373	0.174423	0.206677	0.274484	0.067562	0.067508	0.055487	0.060528	0.050225	0.038831	0.041933	0.059443	0.047121	0.057152	0.036507	0.068965	0.062641	0.071568	0.109887	0.104642	408439.0	408439.0
48	0.227549	0.235058	0.243814	0.293579	0.292663	0.250219	0.227449	0.230309	0.077630	0.040542	0.049106	0.060271	0.051839	0.033731	0.097968	0.051521	0.054334	0.072141	0.046379	0.070960	0.063711	0.054006	0.084811	0.091052	408439.0	408439.0
49	0.247513	0.200419	0.278264	0.273803	0.299337	0.183523	0.225502	0.225542	0.078540	0.052226	0.051288	0.065459	0.048700	0.032945	0.068235	0.050539	0.049709	0.036378	0.045965	0.146213	0.066801	0.053521	0.064945	0.088537	408439.0	408439.0
50	0.243750	0.175069	0.230433	0.350748	0.334853	0.153004	0.224734	0.287316	0.078611	0.047471	0.053139	0.064529	0.050159	0.031997	0.043387	0.049525	0.051636	0.036272	0.041348	0.101178	0.072444	0.086525	0.072510	0.119269	408439.0	408439.0
51	0.252850	0.202265	0.210384	0.334500	0.321625	0.171458	0.235462	0.323708	0.077451	0.050132	0.062264	0.063003	0.047931	0.048132	0.036165	0.070037	0.048568	0.039981	0.047180	0.074655	0.063128	0.087497	0.065834	0.118042	408439.0	408439.0
52	0.237078	0.225742	0.211442	0.325738	0.307162	0.205754	0.230544	0.317932	0.077118	0.040400	0.053631	0.065929	0.053183	0.066397	0.051075	0.055088	0.048994	0.037482	0.050801	0.074165	0.068098	0.100431	0.061192	0.096017	408439.0	408439.0
53	0.247393	0.244710	0.216698	0.291199	0.310729	0.194940	0.215014	0.260994	0.073972	0.046357	0.058391	0.068674	0.064592	0.032056	0.068911	0.079150	0.044910	0.056231	0.037741	0.077816	0.073965	0.055668	0.067447	0.094119	408439.0	408439.0
54	0.257439	0.190312	0.232490	0.319759	0.336075	0.188234	0.243674	0.283903	0.077316	0.043057	0.072180	0.064886	0.060207	0.038735	0.037555	0.053815	0.051523	0.069288	0.042655	0.069024	0.063326	0.060807	0.065079	0.130546	408439.0	408439.0
55	0.252373	0.211887	0.217469	0.318270	0.323152	0.175040	0.241412	0.257091	0.076295	0.041480	0.056297	0.078301	0.083305	0.034933	0.036307	0.057343	0.045304	0.040285	0.063515	0.068365	0.070860	0.067119	0.082595	0.097696	408439.0	408439.0
56	0.275765	0.183817	0.238714	0.301705	0.347726	0.191554	0.250143	0.256080	0.074883	0.044790	0.055871	0.100221	0.061970	0.034838	0.036260	0.050749	0.054757	0.055825	0.064631	0.063500	0.064889	0.062758	0.066323	0.107735	408439.0	408439.0
57	0.256499	0.198211	0.223086	0.322205	0.328854	0.164095	0.252011	0.286035	0.085415	0.044144	0.058129	0.068811	0.063356	0.033146	0.033608	0.068101	0.052392	0.041267	0.056074	0.073352	0.072287	0.082448	0.065128	0.102341	408439.0	408439.0
58	0.273451	0.201004	0.212940	0.312605	0.329249	0.141544	0.242217	0.241218	0.089365	0.047175	0.071181	0.065731	0.083721	0.036116	0.032729	0.048438	0.044347	0.035374	0.037325	0.095894	0.074293	0.056804	0.081647	0.099861	408439.0	408439.0
59	0.291725	0.175468	0.222883	0.309924	0.342391	0.142384	0.270750	0.245263	0.080631	0.054892	0.079870	0.076332	0.048059	0.035768	0.032654	0.058988	0.067498	0.031212	0.042751	0.081422	0.090645	0.055724	0.068772	0.094783	408439.0	408439.0
60	0.286834	0.177596	0.224046	0.311525	0.345795	0.148952	0.266133	0.272802	0.105783	0.043338	0.071930	0.065782	0.048186	0.035832	0.036625	0.056953	0.045941	0.034017	0.042479	0.101609	0.071734	0.077522	0.059774	0.102495	408439.0	408439.0
61	0.271644	0.190709	0.210807	0.326840	0.371326	0.154028	0.236082	0.294482	0.079618	0.050277	0.067702	0.074048	0.049364	0.047138	0.031148	0.063060	0.051472	0.038451	0.037291	0.083594	0.086417	0.053041	0.056138	0.131244	408439.0	408439.0
62	0.266870	0.188907	0.192278	0.351945	0.390014	0.144869	0.235100	0.268992	0.086635	0.046198	0.064653	0.069384	0.046969	0.041392	0.035327	0.065219	0.046511	0.030849	0.037301	0.077617	0.130837	0.059223	0.058726	0.103159	408439.0	408439.0
63	0.310952	0.177662	0.196007	0.315379	0.344397	0.141358	0.272227	0.258594	0.079444	0.048759	0.109385	0.073365	0.058111	0.035964	0.030017	0.053570	0.043833	0.035812	0.039565	0.076797	0.085146	0.062619	0.061172	0.106442	408439.0	408439.0
64	0.266534	0.183153	0.240139	0.310174	0.349590	0.142276	0.243155	0.259153	0.087012	0.054025	0.054182	0.071315	0.060998	0.039041	0.033959	0.049155	0.067060	0.034375	0.034901	0.103803	0.072628	0.052321	0.066590	0.118635	408439.0	408439.0
65	0.287698	0.179762	0.189632	0.342908	0.366632	0.145912	0.249455	0.293956	0.076697	0.055759	0.070231	0.085011	0.051361	0.035518	0.028136	0.064747	0.050245	0.029975	0.052282	0.057130	0.069893	0.058660	0.079324	0.135031	408439.0	408439.0
66	0.248196	0.179912	0.229973	0.341919	0.323556	0.167545	0.232385	0.260837	0.077351	0.047562	0.050243	0.073042	0.065395	0.038493	0.028913	0.047111	0.046176	0.041524	0.058616	0.083658	0.076464	0.078533	0.090222	0.096700	408439.0	408439.0
67	0.265386	0.206112	0.227992	0.300510	0.356523	0.170035	0.239059	0.261949	0.080294	0.045892	0.054309	0.084892	0.057965	0.049799	0.030697	0.067650	0.048308	0.033391	0.056148	0.090146	0.094425	0.047586	0.061586	0.096913	408439.0	408439.0
68	0.280992	0.176668	0.202740	0.339600	0.379383	0.152194	0.251504	0.259128	0.087259	0.046359	0.055007	0.092366	0.049263	0.046340	0.031104	0.049961	0.068194	0.033706	0.041044	0.059796	0.101557	0.064627	0.075216	0.098201	408439.0	408439.0
69	0.306273	0.191032	0.202370	0.300324	0.388131	0.170880	0.242036	0.260859	0.094452	0.048066	0.056552	0.107203	0.050071	0.037749	0.039551	0.063662	0.046852	0.049400	0.044180	0.061938	0.077637	0.050610	0.063238	0.108839	408439.0	408439.0
70	0.269012	0.185825	0.203521	0.341642	0.387534	0.157940	0.236226	0.272973	0.097209	0.047924	0.052617	0.071262	0.060721	0.044912	0.029020	0.051170	0.048423	0.046031	0.037976	0.071090	0.090719	0.048546	0.074033	0.128345	408439.0	408439.0
71	0.297073	0.187414	0.193647	0.321867	0.378507	0.143549	0.226942	0.243432	0.086926	0.045135	0.054740	0.110271	0.061172	0.042310	0.028146	0.055786	0.046022	0.033839	0.039254	0.074533	0.085278	0.049305	0.091252	0.096031	408439.0	408439.0
72	0.279398	0.170589	0.213393	0.336621	0.379922	0.137869	0.245476	0.246181	0.100101	0.050147	0.054867	0.074283	0.053217	0.035454	0.031633	0.050284	0.048330	0.028604	0.042178	0.094281	0.109823	0.064727	0.066355	0.095716	408439.0	408439.0
73	0.311471	0.178932	0.195033	0.314563	0.413038	0.154187	0.234052	0.229143	0.093035	0.065285	0.048871	0.104280	0.048110	0.030803	0.048563	0.051457	0.055972	0.038647	0.036174	0.064240	0.114470	0.045630	0.053210	0.101254	408439.0	408439.0
74	0.311586	0.180365	0.186819	0.321230	0.399675	0.145434	0.260901	0.262573	0.105289	0.045444	0.055186	0.105668	0.046450	0.045206	0.033405	0.055303	0.065136	0.031532	0.035290	0.054860	0.078719	0.052064	0.080448	0.109999	408439.0	408439.0
75	0.295594	0.174246	0.204329	0.325831	0.365279	0.142961	0.256910	0.243561	0.098754	0.067151	0.052250	0.077439	0.060462	0.031444	0.027892	0.054449	0.054919	0.032639	0.050987	0.065785	0.076369	0.044952	0.091793	0.112717	408439.0	408439.0
76	0.290504	0.176185	0.222922	0.310389	0.371674	0.155539	0.264164	0.256533	0.088921	0.057350	0.049562	0.094670	0.064551	0.030707	0.029243	0.051685	0.061845	0.031753	0.063836	0.065488	0.073644	0.059703	0.062604	0.114438	408439.0	408439.0
77	0.288961	0.179513	0.205245	0.326281	0.364701	0.143277	0.282892	0.272273	0.097755	0.047549	0.071805	0.071852	0.048100	0.046137	0.025881	0.059394	0.075686	0.033613	0.037646	0.058300	0.096570	0.068218	0.062969	0.098524	408439.0	408439.0
78	0.318111	0.195518	0.198301	0.288070	0.399284	0.138390	0.257620	0.251967	0.116478	0.048661	0.054987	0.097985	0.058677	0.042692	0.025681	0.068468	0.049626	0.033488	0.036529	0.078658	0.083729	0.039715	0.063535	0.101092	408439.0	408439.0
79	0.308509	0.164556	0.180732	0.346203	0.443065	0.137335	0.219874	0.246612	0.085308	0.053440	0.048624	0.121137	0.051050	0.033547	0.034957	0.045001	0.049743	0.032632	0.036199	0.062159	0.116625	0.048068	0.061515	0.119996	408439.0	408439.0
80	0.302726	0.167687	0.181295	0.348292	0.421245	0.133533	0.256829	0.229258	0.103264	0.049349	0.068196	0.081917	0.057120	0.034872	0.028807	0.046888	0.047417	0.031902	0.037952	0.064024	0.131562	0.042995	0.069232	0.104503	408439.0	408439.0
81	0.339363	0.159118	0.204187	0.297332	0.366987	0.143911	0.282875	0.232642	0.096394	0.066568	0.085719	0.090682	0.050394	0.033802	0.025541	0.049381	0.061223	0.045030	0.039538	0.058396	0.077681	0.047229	0.070192	0.102231	408439.0	408439.0
82	0.285693	0.192629	0.220990	0.300689	0.358617	0.133087	0.283871	0.248625	0.089441	0.045495	0.073573	0.077184	0.065202	0.033606	0.025130	0.068691	0.083626	0.037119	0.037232	0.063013	0.088143	0.042479	0.066218	0.103849	408439.0	408439.0
83	0.326411	0.158699	0.202153	0.312737	0.378468	0.142158	0.301433	0.258908	0.093221	0.052982	0.101584	0.078624	0.050938	0.032610	0.026014	0.049138	0.052652	0.029559	0.053976	0.065966	0.075838	0.046374	0.059740	0.130786	408439.0	408439.0
84	0.272648	0.161525	0.241314	0.324514	0.358144	0.158388	0.250072	0.253328	0.079451	0.058799	0.053702	0.080695	0.051738	0.030996	0.021807	0.056983	0.047792	0.036458	0.069127	0.087937	0.081248	0.048600	0.077916	0.116749	408439.0	408439.0
85	0.260230	0.174854	0.222552	0.342364	0.363645	0.141243	0.239074	0.282566	0.081072	0.049508	0.054525	0.075125	0.059289	0.034000	0.023930	0.057634	0.049317	0.029152	0.054160	0.089923	0.081980	0.065464	0.069452	0.125468	408439.0	408439.0
86	0.271659	0.178125	0.202067	0.348150	0.366757	0.132470	0.249724	0.299927	0.096636	0.041578	0.052096	0.081349	0.052351	0.035900	0.022084	0.067790	0.065290	0.038784	0.035702	0.062291	0.076773	0.084238	0.075140	0.112000	408439.0	408439.0
87	0.291050	0.200500	0.185022	0.323429	0.400439	0.122569	0.231359	0.283237	0.086914	0.055624	0.051751	0.096761	0.052732	0.028775	0.027059	0.091933	0.054936	0.028976	0.037758	0.063351	0.103066	0.048830	0.057835	0.113699	408439.0	408439.0
88	0.297648	0.162205	0.174403	0.365744	0.429741	0.126575	0.235783	0.289169	0.098399	0.049787	0.054211	0.095250	0.054564	0.031412	0.027515	0.048715	0.046974	0.031449	0.036199	0.059781	0.086201	0.059152	0.070500	0.149890	408439.0	408439.0
89	0.286138	0.171800	0.188425	0.353637	0.389642	0.139399	0.233029	0.291951	0.093351	0.052223	0.054385	0.086179	0.053440	0.042853	0.024031	0.051476	0.047314	0.034536	0.037979	0.068595	0.088907	0.076415	0.067109	0.121205	408439.0	408439.0
90	0.283012	0.206028	0.183504	0.327456	0.362568	0.162507	0.234549	0.285362	0.086853	0.057886	0.062621	0.075651	0.052549	0.063784	0.026403	0.063292	0.044496	0.031740	0.040579	0.066688	0.086091	0.044313	0.083080	0.113973	408439.0	408439.0
91	0.269989	0.197724	0.212683	0.319605	0.389537	0.141512	0.231716	0.290198	0.090386	0.046083	0.052899	0.080622	0.050607	0.038383	0.028783	0.079951	0.046014	0.031929	0.042418	0.092322	0.087989	0.041323	0.059752	0.130541	408439.0	408439.0
92	0.274996	0.157718	0.183851	0.383435	0.442891	0.125539	0.235509	0.290423	0.095662	0.048663	0.053829	0.076841	0.047287	0.030056	0.023178	0.057196	0.049055	0.035342	0.036963	0.062492	0.117381	0.050164	0.062883	0.153007	408439.0	408439.0
93	0.309385	0.164225	0.176854	0.349536	0.423787	0.132918	0.235195	0.256036	0.085540	0.055830	0.071350	0.096666	0.053812	0.031021	0.028183	0.051210	0.043392	0.038801	0.034913	0.059747	0.116338	0.048563	0.059392	0.125243	408439.0	408439.0
94	0.299083	0.174215	0.193838	0.332865	0.420420	0.129593	0.226222	0.278017	0.085129	0.046347	0.051117	0.116490	0.062656	0.039107	0.024466	0.047985	0.051068	0.027111	0.038909	0.076751	0.081606	0.053729	0.060335	0.137196	408439.0	408439.0
95	0.280458	0.166294	0.174827	0.378421	0.436464	0.123267	0.224271	0.306087	0.090065	0.050801	0.052297	0.087296	0.057556	0.031799	0.023526	0.053413	0.044134	0.030166	0.037776	0.062751	0.097625	0.059397	0.059921	0.161478	408439.0	408439.0
96	0.289380	0.172163	0.173519	0.364938	0.403644	0.120792	0.226893	0.297195	0.093654	0.048120	0.051435	0.096171	0.049802	0.027145	0.024141	0.071075	0.042758	0.030460	0.039046	0.061255	0.099538	0.084693	0.066426	0.114281	408439.0	408439.0
97	0.285751	0.190418	0.181048	0.342783	0.393111	0.139262	0.231511	0.281484	0.096595	0.044589	0.048759	0.095809	0.047970	0.026268	0.037580	0.078599	0.045640	0.034896	0.040518	0.059994	0.100216	0.076124	0.065951	0.100492	408439.0	408439.0
98	0.290420	0.181878	0.192807	0.334895	0.378695	0.154224	0.231457	0.268721	0.097339	0.059715	0.050864	0.082502	0.057813	0.048600	0.027948	0.047517	0.047615	0.042038	0.035638	0.067516	0.100252	0.074001	0.062039	0.098602	408439.0	408439.0
99	0.303020	0.224354	0.176489	0.296137	0.354540	0.167908	0.254371	0.277067	0.092327	0.049055	0.078638	0.082999	0.060868	0.060516	0.035996	0.066975	0.045216	0.033207	0.038189	0.059877	0.082451	0.052813	0.064110	0.096764	408439.0	408439.0
100	0.280862	0.195591	0.216933	0.306614	0.349531	0.150140	0.242746	0.268483	0.078151	0.056669	0.068867	0.077174	0.058525	0.031772	0.024799	0.080494	0.060423	0.058263	0.035305	0.062942	0.083393	0.045405	0.067004	0.110812	408439.0	408439.0
101	0.280492	0.192109	0.195975	0.331423	0.380253	0.136591	0.248556	0.278098	0.084534	0.054062	0.056515	0.085381	0.078200	0.035060	0.027431	0.051418	0.064144	0.030737	0.043363	0.057732	0.081385	0.062668	0.058418	0.128952	408439.0	408439.0
102	0.308264	0.182527	0.185727	0.323483	0.369970	0.133628	0.252674	0.292617	0.093507	0.049745	0.072620	0.092391	0.048725	0.035028	0.029603	0.069171	0.051070	0.033520	0.035477	0.065660	0.074584	0.078930	0.060481	0.109488	408439.0	408439.0
103	0.267886	0.197224	0.198181	0.336709	0.402949	0.126034	0.245772	0.305226	0.090912	0.041781	0.049038	0.086155	0.052257	0.030524	0.028614	0.085829	0.069122	0.030195	0.036701	0.062164	0.090775	0.053766	0.057061	0.135107	408439.0	408439.0
104	0.303066	0.156266	0.171414	0.369255	0.404178	0.132311	0.255475	0.309280	0.098938	0.048996	0.073232	0.081900	0.044533	0.034338	0.027226	0.050169	0.043894	0.031336	0.039411	0.056772	0.078719	0.080152	0.065763	0.144621	408439.0	408439.0
105	0.266084	0.194822	0.205632	0.333462	0.377657	0.128639	0.249011	0.299200	0.091399	0.040425	0.052093	0.082166	0.054936	0.035621	0.025277	0.078989	0.067724	0.029946	0.037795	0.070167	0.092276	0.072775	0.056596	0.111816	408439.0	408439.0
106	0.306335	0.178766	0.171761	0.343138	0.415665	0.120833	0.258908	0.290680	0.112511	0.044734	0.066583	0.082507	0.044271	0.027282	0.025585	0.081628	0.046582	0.034735	0.033231	0.057213	0.101095	0.062217	0.060273	0.119553	408439.0	408439.0
107	0.304459	0.168968	0.185673	0.340900	0.415592	0.133266	0.238919	0.286165	0.110467	0.064039	0.045600	0.084353	0.049459	0.037452	0.026496	0.055560	0.051075	0.037540	0.031777	0.065280	0.091583	0.063963	0.056165	0.129189	408439.0	408439.0
108	0.302584	0.202995	0.160039	0.334383	0.400209	0.129383	0.220799	0.309907	0.092783	0.051807	0.051428	0.106567	0.062048	0.042704	0.027985	0.070258	0.046519	0.028624	0.030071	0.054826	0.080854	0.076939	0.056584	0.120006	408439.0	408439.0
109	0.282204	0.200074	0.166066	0.351656	0.401534	0.127801	0.215283	0.313660	0.087852	0.050904	0.047542	0.095907	0.047990	0.042378	0.027052	0.082654	0.047897	0.026378	0.031993	0.059798	0.105296	0.076148	0.057732	0.112479	408439.0	408439.0
110	0.289035	0.195809	0.164318	0.350838	0.424220	0.142070	0.231197	0.314605	0.108398	0.045813	0.047860	0.086963	0.057480	0.049741	0.029581	0.059008	0.042158	0.029968	0.032781	0.059412	0.086889	0.063887	0.058092	0.141970	408439.0	408439.0
111	0.294925	0.189409	0.168314	0.347352	0.382096	0.115839	0.233469	0.310000	0.096342	0.049966	0.056819	0.091798	0.046433	0.031260	0.023933	0.087783	0.044606	0.024944	0.035702	0.063062	0.085917	0.082918	0.070478	0.108038	408439.0	408439.0
112	0.273299	0.189088	0.186931	0.350681	0.402053	0.129459	0.225084	0.284544	0.100306	0.049457	0.044837	0.078700	0.052877	0.027368	0.029796	0.079047	0.046935	0.039289	0.033006	0.067702	0.094327	0.049410	0.078225	0.128719	408439.0	408439.0
113	0.294445	0.165523	0.185864	0.354168	0.376925	0.111556	0.227221	0.246847	0.086779	0.052081	0.055888	0.099697	0.048276	0.028842	0.025039	0.063366	0.053239	0.026361	0.031314	0.074949	0.091010	0.055200	0.108518	0.099440	408439.0	408439.0
114	0.279305	0.162484	0.220760	0.337451	0.392347	0.123779	0.218525	0.260073	0.086045	0.053722	0.051932	0.087607	0.053702	0.033692	0.027194	0.047897	0.048815	0.031160	0.031733	0.109052	0.091000	0.050788	0.067966	0.127696	408439.0	408439.0
115	0.279562	0.169362	0.178825	0.372251	0.426830	0.135173	0.223534	0.306068	0.097224	0.047819	0.048649	0.085871	0.061500	0.037866	0.023328	0.046668	0.046408	0.042726	0.031253	0.058437	0.093115	0.070914	0.057602	0.150620	408439.0	408439.0
116	0.298248	0.199325	0.160832	0.341596	0.413849	0.131403	0.239781	0.322597	0.110509	0.047498	0.053937	0.086304	0.051790	0.044538	0.026724	0.076273	0.043879	0.028685	0.031456	0.056811	0.078700	0.063449	0.061111	0.138336	408439.0	408439.0
117	0.284877	0.184169	0.173228	0.357725	0.366216	0.123698	0.229148	0.289079	0.093360	0.055284	0.047114	0.089120	0.059289	0.031035	0.025519	0.068326	0.050318	0.028788	0.038356	0.055766	0.086037	0.092019	0.081971	0.097699	408439.0	408439.0
118	0.289005	0.207125	0.192959	0.310911	0.374264	0.137901	0.269529	0.287786	0.094239	0.044756	0.067601	0.082409	0.054792	0.045517	0.027042	0.079774	0.071288	0.028942	0.036400	0.056329	0.086696	0.051574	0.061720	0.110920	408439.0	408439.0
119	0.307015	0.170789	0.192763	0.329432	0.413163	0.119335	0.232999	0.277704	0.082056	0.054958	0.055296	0.114705	0.059103	0.031153	0.025737	0.054796	0.064024	0.030822	0.031623	0.066294	0.082098	0.057450	0.055580	0.134304	408439.0	408439.0
120	0.287282	0.174383	0.168236	0.370099	0.405089	0.134204	0.234627	0.305049	0.093811	0.047145	0.062225	0.084101	0.048132	0.037276	0.026496	0.062479	0.046979	0.038819	0.031613	0.050825	0.100181	0.078298	0.064624	0.126996	408439.0	408439.0
121	0.289103	0.201538	0.184958	0.324401	0.382674	0.139771	0.221678	0.299305	0.086936	0.052598	0.051342	0.098228	0.054143	0.030017	0.031402	0.085976	0.049080	0.044031	0.034321	0.057526	0.080335	0.066137	0.060753	0.117175	408439.0	408439.0
122	0.270493	0.192783	0.177818	0.358905	0.411104	0.136929	0.233516	0.310122	0.096014	0.046563	0.048179	0.079738	0.065922	0.050664	0.023367	0.052830	0.056640	0.030215	0.032683	0.058280	0.089938	0.061214	0.062340	0.145415	408439.0	408439.0
123	0.308514	0.188655	0.166568	0.336263	0.399502	0.123901	0.229229	0.300045	0.092117	0.056021	0.054728	0.105649	0.045446	0.033178	0.027515	0.082517	0.049750	0.030575	0.032634	0.053609	0.095326	0.077941	0.056586	0.106410	408439.0	408439.0
124	0.282640	0.197714	0.171463	0.348184	0.401889	0.124880	0.217937	0.299981	0.094722	0.052044	0.043453	0.092420	0.055653	0.028702	0.024802	0.088557	0.044153	0.035768	0.035609	0.055932	0.095635	0.063610	0.069827	0.119112	408439.0	408439.0
125	0.290163	0.180125	0.173691	0.356021	0.396047	0.117976	0.221081	0.259735	0.084769	0.045696	0.052167	0.107531	0.072148	0.032333	0.029791	0.045853	0.054123	0.025830	0.030022	0.063716	0.096837	0.074640	0.077635	0.106909	408439.0	408439.0
126	0.307877	0.178499	0.189615	0.324009	0.398591	0.121286	0.221291	0.229510	0.091211	0.073181	0.047327	0.096159	0.077390	0.028704	0.029975	0.042430	0.046793	0.026645	0.035961	0.080215	0.097848	0.045003	0.067785	0.113373	408439.0	408439.0
127	0.313241	0.173534	0.181048	0.332177	0.392264	0.138410	0.225804	0.257106	0.087369	0.079694	0.047620	0.098558	0.051947	0.048005	0.025477	0.048105	0.051579	0.025693	0.039235	0.064541	0.088890	0.043549	0.082291	0.117447	408439.0	408439.0
128	0.279785	0.196940	0.194624	0.328651	0.392399	0.155945	0.217501	0.284865	0.086424	0.056809	0.045047	0.091504	0.065084	0.062504	0.026117	0.043235	0.046908	0.028202	0.039122	0.080391	0.088361	0.053016	0.061165	0.126109	408439.0	408439.0
129	0.286777	0.200532	0.171450	0.341241	0.403485	0.119927	0.220758	0.237744	0.084512	0.065116	0.056689	0.080460	0.097324	0.031003	0.025037	0.047167	0.047393	0.031723	0.032164	0.060171	0.122574	0.043634	0.059093	0.115939	408439.0	408439.0
130	0.351803	0.171477	0.172983	0.303737	0.409574	0.117822	0.223211	0.249254	0.089771	0.094746	0.050460	0.116825	0.055494	0.028092	0.026898	0.060993	0.050404	0.030257	0.032575	0.059747	0.085433	0.042623	0.058136	0.117545	408439.0	408439.0
131	0.281102	0.195718	0.168069	0.355111	0.410830	0.121622	0.221250	0.303264	0.093182	0.050975	0.051420	0.085526	0.048612	0.029774	0.028114	0.089218	0.044692	0.031777	0.031956	0.059644	0.116612	0.068762	0.054226	0.115511	408439.0	408439.0
132	0.303098	0.181288	0.165716	0.349898	0.408308	0.117251	0.245518	0.304699	0.110034	0.050715	0.053127	0.089223	0.053296	0.028124	0.024721	0.075147	0.045613	0.027661	0.036745	0.055697	0.091078	0.083454	0.057392	0.117974	408439.0	408439.0
133	0.300020	0.189955	0.171984	0.338041	0.373059	0.119553	0.227645	0.295004	0.092839	0.067041	0.053607	0.086534	0.045270	0.033900	0.025171	0.085614	0.048127	0.027409	0.033072	0.063375	0.084096	0.065900	0.078455	0.109590	408439.0	408439.0
134	0.270332	0.194249	0.190305	0.345114	0.376666	0.122564	0.223771	0.291282	0.086686	0.057426	0.048276	0.077943	0.052385	0.029233	0.029008	0.083623	0.053891	0.029405	0.034918	0.072092	0.110269	0.076658	0.056420	0.101768	408439.0	408439.0
135	0.303230	0.192722	0.168622	0.335426	0.412980	0.122275	0.242144	0.257698	0.096516	0.061544	0.059030	0.086140	0.054353	0.030673	0.027784	0.079912	0.048086	0.025306	0.038512	0.056718	0.129755	0.046546	0.058557	0.100568	408439.0	408439.0
136	0.328710	0.164069	0.183883	0.323338	0.442793	0.122875	0.267766	0.230066	0.107255	0.047155	0.063297	0.111003	0.057282	0.027284	0.023538	0.055964	0.053110	0.027948	0.044105	0.058721	0.118177	0.040459	0.058344	0.106359	408439.0	408439.0
137	0.335822	0.142846	0.189284	0.332047	0.452932	0.122322	0.249641	0.235044	0.118037	0.055830	0.052686	0.109270	0.049229	0.030372	0.026148	0.037097	0.047238	0.034123	0.031679	0.076244	0.110367	0.052316	0.054106	0.115258	408439.0	408439.0
138	0.324871	0.172640	0.164619	0.337869	0.463227	0.121257	0.242790	0.268383	0.111640	0.051731	0.054544	0.106956	0.062665	0.027377	0.033939	0.048658	0.045400	0.028734	0.031207	0.059279	0.091088	0.038804	0.054434	0.153543	408439.0	408439.0
139	0.310793	0.146646	0.174124	0.368437	0.457314	0.120368	0.245317	0.284299	0.112017	0.047253	0.053859	0.097665	0.050975	0.028837	0.024902	0.041933	0.048830	0.036018	0.030612	0.058665	0.100916	0.066813	0.053991	0.146717	408439.0	408439.0
140	0.312737	0.178920	0.163363	0.344979	0.444216	0.117354	0.235592	0.286860	0.104189	0.048835	0.055631	0.104082	0.059999	0.029233	0.029556	0.060131	0.046817	0.029610	0.028954	0.057982	0.092523	0.054074	0.054960	0.143422	408439.0	408439.0
141	0.303529	0.161752	0.169102	0.365616	0.420095	0.120806	0.233002	0.256163	0.089061	0.051131	0.061615	0.101721	0.062369	0.031713	0.024968	0.042702	0.048436	0.030235	0.033890	0.056542	0.119981	0.072417	0.063887	0.109331	408439.0	408439.0
142	0.319847	0.185496	0.184360	0.310296	0.433318	0.128124	0.268836	0.245133	0.134615	0.054231	0.046129	0.084872	0.082678	0.035122	0.025911	0.041786	0.057614	0.036615	0.030477	0.059654	0.087391	0.041786	0.054679	0.126440	408439.0	408439.0
143	0.362299	0.167753	0.157196	0.312752	0.428461	0.112421	0.260467	0.240041	0.138483	0.086086	0.052767	0.084963	0.060917	0.028229	0.027754	0.050852	0.041132	0.028352	0.028085	0.059627	0.096198	0.052142	0.055595	0.108817	408439.0	408439.0
144	0.336731	0.194810	0.164201	0.304258	0.406137	0.137827	0.245197	0.255987	0.117653	0.081349	0.050950	0.086779	0.063278	0.047079	0.032308	0.052145	0.045671	0.027517	0.030923	0.060090	0.088371	0.043429	0.059125	0.113334	408439.0	408439.0
145	0.314972	0.199374	0.173306	0.312348	0.410960	0.140085	0.250160	0.247190	0.109368	0.047652	0.059913	0.098039	0.078376	0.049097	0.029907	0.041994	0.048237	0.028440	0.032641	0.063988	0.088833	0.041379	0.067415	0.114720	408439.0	408439.0
146	0.324815	0.166568	0.189877	0.318740	0.423307	0.122258	0.225742	0.242455	0.098027	0.051151	0.049106	0.126531	0.049021	0.030465	0.024623	0.062460	0.047143	0.035704	0.031466	0.075563	0.090968	0.041749	0.078242	0.107781	408439.0	408439.0
147	0.285159	0.159069	0.183437	0.372335	0.422844	0.140092	0.236011	0.275512	0.100203	0.044873	0.052732	0.087350	0.051878	0.029767	0.027808	0.049616	0.042981	0.042422	0.040094	0.057940	0.081290	0.042129	0.094915	0.154001	408439.0	408439.0
148	0.276352	0.159191	0.215550	0.348906	0.406389	0.168569	0.228132	0.277393	0.087795	0.054025	0.047787	0.086745	0.042981	0.046024	0.024679	0.045507	0.054838	0.060153	0.037712	0.062847	0.099758	0.053771	0.063287	0.132091	408439.0	408439.0
149	0.285372	0.213973	0.173465	0.327190	0.393435	0.171377	0.239336	0.279802	0.094834	0.055724	0.056508	0.078305	0.060883	0.075602	0.034651	0.042836	0.055360	0.028489	0.032634	0.056983	0.105842	0.046910	0.059984	0.114453	408439.0	408439.0
150	0.316919	0.206726	0.183778	0.292577	0.418961	0.166375	0.233298	0.275383	0.104241	0.045312	0.046712	0.120654	0.061334	0.078871	0.025387	0.041135	0.047956	0.027728	0.034389	0.073705	0.082047	0.043358	0.055154	0.112019	408439.0	408439.0
151	0.295577	0.195268	0.161642	0.347513	0.421262	0.147542	0.221989	0.272408	0.091857	0.046379	0.052370	0.104970	0.062186	0.062259	0.028793	0.042031	0.046852	0.025580	0.030910	0.058300	0.096497	0.040180	0.082899	0.127938	408439.0	408439.0
152	0.297391	0.174398	0.194972	0.333239	0.428708	0.116416	0.252877	0.256547	0.119364	0.046445	0.048940	0.082641	0.075125	0.028531	0.025992	0.044751	0.051202	0.028523	0.033371	0.081875	0.089489	0.046053	0.060484	0.137213	408439.0	408439.0
153	0.335181	0.149552	0.168787	0.346480	0.470819	0.120067	0.265638	0.278274	0.129243	0.050568	0.060249	0.095121	0.047265	0.031336	0.025289	0.045662	0.044922	0.032218	0.031224	0.060423	0.089303	0.044124	0.055901	0.157152	408439.0	408439.0
154	0.310734	0.158246	0.172662	0.358357	0.404195	0.118789	0.253999	0.280546	0.096455	0.046117	0.083621	0.084541	0.049268	0.034737	0.026525	0.047716	0.043791	0.027395	0.030132	0.071345	0.090018	0.064913	0.070245	0.133180	408439.0	408439.0
155	0.279533	0.173162	0.210523	0.336782	0.414476	0.123433	0.238946	0.259326	0.105010	0.046710	0.050561	0.077253	0.072549	0.026376	0.025891	0.048345	0.049479	0.037269	0.033897	0.089879	0.091691	0.044082	0.060486	0.140523	408439.0	408439.0
156	0.318728	0.154437	0.170836	0.355999	0.461224	0.121129	0.237274	0.254667	0.101175	0.050507	0.054023	0.113023	0.054133	0.025409	0.032472	0.042422	0.047762	0.028935	0.034314	0.059825	0.106682	0.046492	0.062482	0.140344	408439.0	408439.0
157	0.309752	0.151342	0.183291	0.355615	0.414196	0.118236	0.250537	0.251501	0.095140	0.058971	0.072143	0.083498	0.047606	0.027326	0.028014	0.048396	0.049508	0.029150	0.033746	0.070887	0.122767	0.062989	0.057068	0.112790	408439.0	408439.0
158	0.315021	0.178435	0.190971	0.315572	0.397932	0.144279	0.251350	0.263951	0.109385	0.078367	0.050301	0.076969	0.049293	0.041034	0.022814	0.065295	0.055235	0.044002	0.036429	0.055306	0.099489	0.045532	0.058462	0.112090	408439.0	408439.0
159	0.313401	0.208935	0.168006	0.309659	0.386082	0.161503	0.252104	0.249802	0.106165	0.054140	0.064986	0.088109	0.077417	0.061760	0.031525	0.038233	0.043840	0.031106	0.037112	0.055947	0.082717	0.040718	0.077133	0.109091	408439.0	408439.0
160	0.310139	0.187724	0.210756	0.291380	0.398042	0.156185	0.287282	0.221448	0.126675	0.048355	0.057654	0.077456	0.083609	0.030768	0.029177	0.044171	0.058427	0.051714	0.044526	0.056089	0.090474	0.043071	0.054397	0.103438	408439.0	408439.0
161	0.359185	0.173908	0.185754	0.281153	0.399531	0.151188	0.272949	0.233232	0.138204	0.088469	0.050644	0.081868	0.047983	0.048487	0.027813	0.049626	0.049684	0.040471	0.034416	0.061182	0.086823	0.042484	0.059211	0.092636	408439.0	408439.0
162	0.322694	0.219910	0.172084	0.285311	0.367888	0.172376	0.238988	0.258159	0.101785	0.077236	0.055673	0.088001	0.047591	0.048276	0.055460	0.068583	0.047268	0.034377	0.034262	0.056177	0.082223	0.045419	0.061789	0.095880	408439.0	408439.0
163	0.278867	0.205309	0.207184	0.308641	0.374558	0.174812	0.265166	0.255588	0.091113	0.048852	0.059578	0.079324	0.047510	0.032832	0.056287	0.068679	0.057886	0.029103	0.056589	0.063606	0.102047	0.052003	0.052517	0.102074	408439.0	408439.0
164	0.298556	0.162791	0.224971	0.313682	0.411694	0.166404	0.289537	0.233433	0.108748	0.051452	0.046418	0.091938	0.061189	0.029743	0.028506	0.043353	0.061965	0.035751	0.072405	0.054850	0.093358	0.042687	0.059987	0.117650	408439.0	408439.0
165	0.325260	0.159632	0.207316	0.307791	0.418640	0.124785	0.289718	0.235164	0.111640	0.059365	0.055575	0.098681	0.045564	0.025815	0.031657	0.056596	0.085768	0.030577	0.036735	0.054236	0.103976	0.048409	0.051063	0.104344	408439.0	408439.0
166	0.346948	0.164166	0.175030	0.313856	0.451061	0.122878	0.258041	0.261613	0.129104	0.047542	0.045760	0.124542	0.045738	0.027079	0.028979	0.062372	0.048884	0.032526	0.034294	0.059326	0.087631	0.062379	0.054062	0.109784	408439.0	408439.0
167	0.311356	0.169526	0.163094	0.356024	0.400586	0.122799	0.245133	0.306961	0.096876	0.051244	0.069271	0.093965	0.048820	0.031486	0.027502	0.061718	0.044944	0.029769	0.034042	0.054339	0.092092	0.096105	0.050174	0.117653	408439.0	408439.0
168	0.282733	0.208604	0.180989	0.327674	0.392193	0.130840	0.234476	0.263799	0.098558	0.047498	0.053168	0.083508	0.066220	0.032179	0.037460	0.072745	0.047476	0.025928	0.035273	0.072312	0.100918	0.049667	0.067880	0.109208	408439.0	408439.0
169	0.313173	0.155272	0.193782	0.337774	0.421446	0.136929	0.253103	0.246049	0.112715	0.048063	0.057255	0.095140	0.044127	0.039509	0.026905	0.044731	0.049273	0.036654	0.033861	0.073994	0.091666	0.039884	0.084299	0.121925	408439.0	408439.0
170	0.297780	0.164110	0.202319	0.335791	0.430258	0.111892	0.232005	0.261635	0.104549	0.048901	0.046499	0.097831	0.061715	0.026866	0.024848	0.050681	0.048857	0.028078	0.032100	0.093284	0.083707	0.039918	0.067995	0.144171	408439.0	408439.0
171	0.298828	0.143762	0.171443	0.385967	0.405434	0.129799	0.254403	0.246825	0.093488	0.051447	0.070052	0.083841	0.049924	0.027870	0.025610	0.040359	0.043740	0.029197	0.047123	0.051383	0.102436	0.052928	0.104934	0.125669	408439.0	408439.0
172	0.289588	0.161441	0.247719	0.301252	0.379917	0.193960	0.286750	0.229168	0.094846	0.051126	0.060357	0.083258	0.056807	0.028349	0.024136	0.052150	0.051734	0.061662	0.079814	0.054510	0.092721	0.039578	0.059862	0.109091	408439.0	408439.0
173	0.296108	0.180715	0.224168	0.299009	0.395168	0.152559	0.296350	0.224337	0.120628	0.048876	0.050277	0.076327	0.078883	0.031045	0.026827	0.043960	0.062563	0.031804	0.062883	0.066918	0.092636	0.043754	0.057042	0.105578	408439.0	408439.0
174	0.354709	0.155480	0.197028	0.292783	0.440083	0.122520	0.294693	0.222768	0.134147	0.054792	0.049177	0.116593	0.049736	0.034304	0.026702	0.044739	0.078847	0.028993	0.032521	0.056667	0.092073	0.046455	0.056985	0.097270	408439.0	408439.0
175	0.354802	0.164544	0.165386	0.315269	0.473395	0.111405	0.251996	0.232791	0.116306	0.042978	0.052945	0.142572	0.057845	0.029233	0.025766	0.051699	0.051352	0.025012	0.031393	0.057629	0.106217	0.043559	0.057193	0.108300	408439.0	408439.0
176	0.331719	0.140782	0.167298	0.360201	0.455407	0.105051	0.260487	0.226558	0.119783	0.060374	0.057306	0.094256	0.050149	0.023624	0.024150	0.042858	0.050879	0.024758	0.032519	0.059142	0.134123	0.052830	0.066003	0.107245	408439.0	408439.0
177	0.354934	0.161586	0.179978	0.303502	0.416030	0.110462	0.286856	0.232850	0.139622	0.075659	0.052710	0.086943	0.056677	0.025955	0.023115	0.055839	0.059857	0.026726	0.034666	0.058728	0.089250	0.050840	0.063197	0.100216	408439.0	408439.0
178	0.345405	0.179180	0.173688	0.301727	0.418124	0.105489	0.275187	0.259767	0.129456	0.049672	0.062418	0.103859	0.056062	0.026396	0.022405	0.074317	0.051947	0.025323	0.031366	0.065053	0.087433	0.061679	0.055240	0.097376	408439.0	408439.0
179	0.324898	0.163070	0.171428	0.340604	0.401250	0.116563	0.260453	0.279378	0.114666	0.048649	0.072633	0.088951	0.049809	0.027106	0.024337	0.061818	0.042028	0.033995	0.031126	0.064279	0.094952	0.087773	0.055198	0.102681	408439.0	408439.0
180	0.301455	0.197523	0.183293	0.317729	0.411743	0.117961	0.232894	0.288266	0.097718	0.048729	0.052698	0.102309	0.057592	0.027845	0.024217	0.087869	0.048276	0.031699	0.034201	0.069117	0.087484	0.048321	0.057693	0.124232	408439.0	408439.0
181	0.291072	0.156594	0.168809	0.383526	0.449475	0.116091	0.240743	0.320413	0.108758	0.046093	0.051721	0.084500	0.049665	0.029096	0.025326	0.052507	0.047909	0.029314	0.032355	0.059230	0.084350	0.066943	0.060366	0.171867	408439.0	408439.0
182	0.290682	0.171445	0.169768	0.368104	0.427356	0.126954	0.238782	0.311665	0.110927	0.047126	0.048245	0.084385	0.049785	0.041196	0.027953	0.052512	0.049102	0.027297	0.030509	0.062861	0.092317	0.078230	0.057830	0.139727	408439.0	408439.0
183	0.302131	0.193848	0.164536	0.339485	0.430042	0.143576	0.242851	0.263268	0.115738	0.050250	0.049949	0.086194	0.065403	0.058408	0.021783	0.048254	0.045473	0.031694	0.031691	0.055678	0.121751	0.050247	0.061128	0.106359	408439.0	408439.0
184	0.348365	0.190599	0.164551	0.296485	0.449962	0.122777	0.259721	0.221703	0.129307	0.045209	0.049775	0.124075	0.079383	0.033799	0.030497	0.046920	0.049106	0.026949	0.031532	0.056963	0.095493	0.039896	0.060009	0.101087	408439.0	408439.0
185	0.353289	0.145853	0.171813	0.329045	0.479749	0.122305	0.258362	0.235146	0.124998	0.046506	0.052191	0.129593	0.048362	0.027037	0.026831	0.043622	0.046602	0.033866	0.034571	0.056775	0.106195	0.045525	0.058364	0.118963	408439.0	408439.0
186	0.326156	0.152933	0.171957	0.348953	0.455148	0.128475	0.248255	0.291777	0.108271	0.053988	0.050061	0.113836	0.042405	0.040579	0.025140	0.044810	0.053357	0.026190	0.036566	0.055844	0.087793	0.061140	0.054772	0.145248	408439.0	408439.0
187	0.291826	0.181897	0.166539	0.359738	0.401568	0.131077	0.241172	0.324731	0.095826	0.051525	0.058016	0.086458	0.048127	0.044070	0.023548	0.066152	0.052196	0.028325	0.035134	0.050884	0.086649	0.081875	0.058579	0.132634	408439.0	408439.0
188	0.282799	0.205796	0.175277	0.336129	0.391968	0.159375	0.237017	0.286760	0.104224	0.045622	0.047924	0.085029	0.057113	0.073164	0.027735	0.047784	0.052003	0.025610	0.032867	0.064798	0.090342	0.053438	0.079975	0.112374	408439.0	408439.0
189	0.303681	0.197834	0.188501	0.309985	0.417778	0.168414	0.262911	0.268860	0.112685	0.051408	0.046186	0.093402	0.045542	0.059326	0.046413	0.046553	0.072748	0.031383	0.031292	0.053078	0.089210	0.040501	0.057793	0.122481	408439.0	408439.0
190	0.320185	0.182617	0.181684	0.315513	0.430050	0.149912	0.256721	0.232076	0.114193	0.049053	0.047606	0.109333	0.050945	0.031461	0.057712	0.042498	0.063628	0.029444	0.031295	0.057318	0.093630	0.045223	0.063767	0.112893	408439.0	408439.0
191	0.322396	0.155181	0.200380	0.322043	0.423101	0.127691	0.265988	0.239935	0.097160	0.061637	0.055044	0.108555	0.046342	0.030328	0.030298	0.048213	0.076765	0.030046	0.037019	0.056549	0.101829	0.045838	0.058819	0.115557	408439.0	408439.0
192	0.322097	0.167849	0.181180	0.328874	0.458587	0.134747	0.226736	0.255573	0.096308	0.047620	0.045503	0.132666	0.054598	0.030822	0.024248	0.058180	0.044457	0.039208	0.040469	0.057046	0.104985	0.041943	0.057318	0.124628	408439.0	408439.0
193	0.300348	0.159593	0.167538	0.372521	0.430238	0.125255	0.229630	0.310582	0.096524	0.047402	0.054170	0.102253	0.049271	0.037886	0.027397	0.045040	0.045532	0.026567	0.033405	0.062034	0.088025	0.084221	0.056838	0.143436	408439.0	408439.0
194	0.279351	0.196076	0.171810	0.352763	0.389495	0.144881	0.228749	0.288116	0.091879	0.045441	0.053496	0.088535	0.066551	0.041551	0.040329	0.047645	0.049368	0.028996	0.034005	0.059441	0.096154	0.085993	0.057688	0.112928	408439.0	408439.0
195	0.303952	0.201981	0.185519	0.308548	0.406176	0.145794	0.212230	0.240530	0.087852	0.048213	0.043588	0.124300	0.054471	0.028447	0.057597	0.061466	0.050078	0.029037	0.030712	0.075691	0.087210	0.043803	0.070720	0.106814	408439.0	408439.0
196	0.279611	0.149501	0.202618	0.368270	0.434248	0.124628	0.212607	0.271027	0.092271	0.054645	0.046022	0.086674	0.050470	0.027987	0.026352	0.044692	0.045263	0.041237	0.029052	0.087066	0.105631	0.048676	0.064291	0.149672	408439.0	408439.0
197	0.293635	0.172545	0.165716	0.368104	0.458421	0.136388	0.236738	0.277114	0.116541	0.051339	0.046940	0.078815	0.058929	0.034845	0.032193	0.046577	0.040985	0.037078	0.032272	0.055382	0.113383	0.046009	0.059030	0.149682	408439.0	408439.0
198	0.329839	0.169271	0.170434	0.330456	0.448180	0.124462	0.282179	0.223069	0.138126	0.047410	0.064989	0.079314	0.063532	0.030859	0.028193	0.046688	0.043786	0.030132	0.035278	0.061238	0.124405	0.039188	0.060528	0.106334	408439.0	408439.0
199	0.369850	0.147589	0.188988	0.293574	0.380448	0.114837	0.282434	0.221015	0.110773	0.078785	0.084994	0.095297	0.047559	0.027294	0.024430	0.048306	0.052485	0.028932	0.034181	0.073389	0.077946	0.048982	0.070214	0.096433	408439.0	408439.0
