Offset	A	C	G	T	A/T	C/G	A/G	C/T	AA	AC	AG	AT	CA	CC	CG	CT	GA	GC	GG	GT	TA	TC	TG	TT	N	NN
-50	0.278493	0.205234	0.229433	0.286839	0.320716	0.189902	0.263396	0.248946	0.085899	0.055889	0.061651	0.075053	0.061081	0.043940	0.042124	0.058090	0.060547	0.048540	0.055298	0.065048	0.070937	0.058090	0.068986	0.088826	140420.0	140420.0
-49	0.278465	0.206459	0.228059	0.287018	0.321272	0.189054	0.263253	0.246980	0.085807	0.056053	0.061993	0.074612	0.063445	0.043178	0.041198	0.058638	0.058532	0.047757	0.056922	0.064848	0.072789	0.057100	0.069064	0.088064	140420.0	140420.0
-48	0.280573	0.204088	0.229177	0.286163	0.322084	0.189432	0.264699	0.244175	0.085907	0.055754	0.064165	0.074747	0.061893	0.043284	0.041419	0.057492	0.058980	0.049081	0.055647	0.065468	0.072511	0.054479	0.070254	0.088919	140420.0	140420.0
-47	0.279291	0.202599	0.231484	0.286626	0.318808	0.186441	0.265112	0.245528	0.084917	0.056189	0.063353	0.074833	0.062107	0.042992	0.040030	0.057470	0.061644	0.048220	0.055199	0.066422	0.071749	0.057755	0.069812	0.087310	140420.0	140420.0
-46	0.280416	0.205156	0.228393	0.286035	0.319135	0.187893	0.261152	0.244388	0.082702	0.056644	0.064179	0.076891	0.063481	0.043797	0.040863	0.057015	0.059628	0.048590	0.054643	0.065532	0.072290	0.056324	0.070168	0.087253	140420.0	140420.0
-45	0.278101	0.205355	0.229853	0.286690	0.313317	0.190678	0.259009	0.245350	0.082381	0.059272	0.063809	0.072639	0.062548	0.044630	0.041255	0.056922	0.058952	0.050926	0.053867	0.066109	0.070902	0.056402	0.071991	0.087395	140420.0	140420.0
-44	0.274783	0.211231	0.230922	0.283065	0.311779	0.192352	0.260348	0.248953	0.083464	0.057050	0.061879	0.072390	0.063303	0.046831	0.042223	0.058873	0.062171	0.050463	0.052834	0.065454	0.070004	0.057328	0.069812	0.085921	140420.0	140420.0
-43	0.278942	0.211672	0.226748	0.282638	0.315048	0.192366	0.259372	0.248561	0.083678	0.057513	0.063232	0.074519	0.063118	0.046347	0.042316	0.059892	0.058325	0.049566	0.054138	0.064720	0.070204	0.055676	0.070111	0.086647	140420.0	140420.0
-42	0.275324	0.209101	0.229796	0.285778	0.313631	0.192330	0.258596	0.250876	0.084290	0.057549	0.060234	0.073252	0.061800	0.047016	0.041298	0.058987	0.060091	0.050036	0.053981	0.065689	0.068929	0.057713	0.071977	0.087160	140420.0	140420.0
-41	0.275110	0.212313	0.227489	0.285088	0.314136	0.192202	0.258225	0.249865	0.083806	0.056951	0.061829	0.072525	0.063225	0.046774	0.043156	0.059158	0.059272	0.048953	0.053319	0.065945	0.070246	0.056374	0.070909	0.087559	140420.0	140420.0
-40	0.276549	0.209051	0.229212	0.285187	0.315518	0.192843	0.260169	0.248889	0.082396	0.056238	0.062883	0.075032	0.061480	0.046546	0.042736	0.058289	0.061387	0.050057	0.053504	0.064264	0.069855	0.055818	0.071279	0.088235	140420.0	140420.0
-39	0.275118	0.208660	0.230402	0.285821	0.312776	0.193890	0.259543	0.250228	0.083450	0.056374	0.062249	0.073045	0.061202	0.046667	0.041874	0.058916	0.060063	0.051567	0.053782	0.064991	0.068815	0.057178	0.072361	0.087466	140420.0	140420.0
-38	0.273529	0.211786	0.230266	0.284418	0.312968	0.195542	0.260397	0.251232	0.083115	0.055683	0.063039	0.071692	0.062000	0.047037	0.042800	0.059949	0.059856	0.051317	0.054387	0.064706	0.070588	0.056673	0.069584	0.087573	140420.0	140420.0
-37	0.275559	0.210711	0.229811	0.283920	0.312854	0.193932	0.260333	0.247664	0.083300	0.055626	0.063452	0.073180	0.061651	0.045499	0.043754	0.059806	0.060946	0.052044	0.052635	0.064186	0.070731	0.056716	0.070830	0.085643	140420.0	140420.0
-36	0.276627	0.209885	0.230672	0.282816	0.312933	0.190877	0.260632	0.249402	0.084162	0.056310	0.064350	0.071806	0.062705	0.045535	0.042473	0.059172	0.059286	0.050036	0.052834	0.068516	0.069328	0.057057	0.068794	0.087637	140420.0	140420.0
-35	0.275481	0.208937	0.228450	0.287131	0.311850	0.191219	0.261886	0.247280	0.082488	0.057015	0.065133	0.070845	0.063424	0.043662	0.044260	0.057592	0.059771	0.048804	0.054494	0.065382	0.070467	0.057976	0.070638	0.088050	140420.0	140420.0
-34	0.276150	0.207456	0.234525	0.281869	0.307385	0.192843	0.261045	0.245257	0.080672	0.058218	0.066579	0.070681	0.061907	0.043690	0.042658	0.059201	0.058560	0.051261	0.055234	0.069470	0.070709	0.057043	0.068794	0.085323	140420.0	140420.0
-33	0.271849	0.210212	0.233264	0.284675	0.308054	0.198120	0.254942	0.248569	0.079903	0.057841	0.063039	0.071065	0.059279	0.045927	0.044915	0.060091	0.057741	0.053020	0.054259	0.068245	0.070802	0.056267	0.071322	0.086284	140420.0	140420.0
-32	0.267725	0.213054	0.233535	0.285686	0.308054	0.195691	0.251731	0.250449	0.078500	0.056388	0.060903	0.071934	0.062263	0.045229	0.044289	0.061273	0.059087	0.052934	0.053240	0.068274	0.071941	0.058268	0.069798	0.085679	140420.0	140420.0
-31	0.271792	0.212819	0.228230	0.287160	0.317562	0.187815	0.252920	0.248341	0.080288	0.055362	0.061423	0.074719	0.064485	0.044602	0.042416	0.061316	0.060903	0.050491	0.050306	0.066529	0.076164	0.056032	0.068573	0.086391	140420.0	140420.0
-30	0.281840	0.206488	0.222718	0.288955	0.324477	0.182859	0.255911	0.241995	0.082253	0.057805	0.065325	0.076456	0.064279	0.042031	0.042102	0.058076	0.059194	0.049587	0.049138	0.064798	0.078692	0.054814	0.068373	0.087074	140420.0	140420.0
-29	0.284418	0.204237	0.224939	0.286405	0.329170	0.184610	0.258745	0.241134	0.085130	0.056203	0.064022	0.079063	0.061815	0.042188	0.042352	0.057883	0.059215	0.049694	0.050377	0.065653	0.078992	0.055078	0.066351	0.085985	140420.0	140420.0
-28	0.285152	0.203162	0.223102	0.288584	0.332973	0.185045	0.254864	0.246867	0.084981	0.056082	0.063944	0.080145	0.059707	0.043876	0.040101	0.059479	0.055875	0.051004	0.050064	0.066159	0.079447	0.055113	0.065625	0.088399	140420.0	140420.0
-27	0.280010	0.206075	0.219734	0.294182	0.331748	0.180259	0.255875	0.250007	0.088506	0.053311	0.062156	0.076036	0.061409	0.043733	0.041098	0.059835	0.057713	0.047928	0.047500	0.066593	0.078821	0.058054	0.068922	0.088385	140420.0	140420.0
-26	0.286448	0.203027	0.219677	0.290849	0.326243	0.183941	0.260298	0.248426	0.090585	0.056381	0.064620	0.074861	0.058845	0.043641	0.041753	0.058788	0.056089	0.049544	0.049003	0.065041	0.075958	0.061159	0.068893	0.084838	140420.0	140420.0
-25	0.281477	0.210725	0.224270	0.283528	0.312747	0.190842	0.262178	0.247265	0.086961	0.055961	0.067754	0.070802	0.063417	0.045321	0.042850	0.059137	0.057186	0.052393	0.050278	0.064414	0.070296	0.058119	0.070424	0.084689	140420.0	140420.0
-24	0.277859	0.211793	0.231306	0.279041	0.304565	0.192522	0.262035	0.248091	0.081897	0.056894	0.067718	0.071350	0.063574	0.044509	0.043876	0.059835	0.060397	0.052115	0.052023	0.066771	0.066465	0.058895	0.068829	0.084853	140420.0	140420.0
-23	0.272333	0.212413	0.232446	0.282809	0.299580	0.195456	0.256886	0.251923	0.079170	0.058467	0.065781	0.068915	0.062690	0.045058	0.044089	0.060575	0.059756	0.054130	0.052179	0.066379	0.066778	0.061572	0.069741	0.084717	140420.0	140420.0
-22	0.268395	0.219228	0.231790	0.280587	0.294887	0.199829	0.255491	0.249024	0.079326	0.057121	0.065112	0.066835	0.064699	0.046332	0.047094	0.061102	0.058980	0.054330	0.052072	0.066408	0.066814	0.059678	0.072183	0.081911	140420.0	140420.0
-21	0.269819	0.217462	0.236462	0.276257	0.292152	0.199188	0.260226	0.248504	0.080295	0.056552	0.066422	0.066550	0.065511	0.045613	0.046418	0.059920	0.060782	0.054430	0.052728	0.068523	0.063118	0.060782	0.070168	0.082189	140420.0	140420.0
-20	0.269705	0.217376	0.235736	0.277183	0.294780	0.197045	0.257627	0.250947	0.080914	0.056758	0.065375	0.066657	0.064271	0.044296	0.046097	0.062712	0.059821	0.055135	0.051517	0.069264	0.063780	0.060511	0.069463	0.083428	140420.0	140420.0
-19	0.268786	0.216700	0.232453	0.282061	0.298205	0.195221	0.256822	0.253219	0.080758	0.056894	0.064200	0.066935	0.064798	0.044744	0.045414	0.061743	0.060939	0.054138	0.050926	0.066451	0.065233	0.061451	0.070097	0.085280	140420.0	140420.0
-18	0.271728	0.217227	0.230637	0.280409	0.296945	0.196105	0.256488	0.253960	0.079419	0.058069	0.065653	0.068587	0.065019	0.046290	0.045058	0.060860	0.059621	0.052963	0.051795	0.066258	0.064378	0.062249	0.069221	0.084561	140420.0	140420.0
-17	0.268438	0.219570	0.231726	0.280266	0.293925	0.196154	0.252991	0.258888	0.078009	0.058532	0.064450	0.067448	0.064407	0.045392	0.045649	0.064122	0.058809	0.053390	0.051723	0.067804	0.062520	0.063424	0.068373	0.085949	140420.0	140420.0
-16	0.263744	0.220738	0.230195	0.285323	0.292480	0.194367	0.250698	0.258653	0.075502	0.056758	0.065596	0.065888	0.065852	0.044751	0.046980	0.063153	0.059372	0.052407	0.050228	0.068188	0.064563	0.064222	0.070011	0.086526	140420.0	140420.0
-15	0.265290	0.218138	0.232816	0.283756	0.294075	0.197116	0.252898	0.257492	0.078735	0.056958	0.064485	0.065112	0.063018	0.044167	0.047301	0.063652	0.059379	0.055348	0.050299	0.067789	0.063039	0.062484	0.071044	0.087188	140420.0	140420.0
-14	0.264172	0.218957	0.233129	0.283742	0.289909	0.199487	0.250983	0.258745	0.077282	0.058289	0.064727	0.063873	0.063388	0.046624	0.046646	0.062299	0.059372	0.056616	0.049601	0.067540	0.062605	0.063673	0.071315	0.086149	140420.0	140420.0
-13	0.262648	0.225203	0.232289	0.279860	0.284112	0.200192	0.247799	0.256943	0.076207	0.061024	0.062491	0.062926	0.066258	0.048761	0.047913	0.062270	0.060853	0.055270	0.048248	0.067918	0.062897	0.063830	0.071051	0.082082	140420.0	140420.0
-12	0.266216	0.228885	0.229704	0.275196	0.286142	0.200306	0.250983	0.258859	0.077133	0.058752	0.065382	0.064948	0.067832	0.050299	0.047714	0.063039	0.060412	0.054237	0.048056	0.066999	0.062541	0.064001	0.067134	0.081520	140420.0	140420.0
-11	0.267918	0.227290	0.228287	0.276506	0.293997	0.192359	0.251545	0.261622	0.079611	0.056032	0.064457	0.067818	0.068024	0.046354	0.045905	0.067006	0.058403	0.051025	0.049074	0.069784	0.061423	0.063118	0.066821	0.085145	140420.0	140420.0
-10	0.267462	0.216529	0.226257	0.289752	0.299737	0.185372	0.251025	0.263531	0.079967	0.055548	0.064264	0.067683	0.062235	0.042836	0.044061	0.067398	0.058332	0.050014	0.048462	0.069449	0.063695	0.064905	0.072760	0.088392	140420.0	140420.0
-9	0.264229	0.213303	0.229547	0.292921	0.301531	0.188577	0.254301	0.261017	0.081619	0.053660	0.063061	0.065888	0.063353	0.042886	0.044759	0.062306	0.060177	0.051488	0.049445	0.068438	0.063032	0.064834	0.074064	0.090991	140420.0	140420.0
-8	0.268181	0.212869	0.231327	0.287623	0.300669	0.186384	0.254408	0.255505	0.080416	0.055476	0.065382	0.066906	0.066223	0.042109	0.043997	0.060540	0.061145	0.052813	0.047465	0.069905	0.064307	0.063816	0.070460	0.089040	140420.0	140420.0
-7	0.272091	0.214214	0.227304	0.286391	0.296575	0.185622	0.253069	0.260725	0.078913	0.059165	0.067789	0.066223	0.066322	0.045236	0.041746	0.060910	0.059806	0.052079	0.046560	0.068858	0.063858	0.066999	0.067953	0.087580	140420.0	140420.0
-6	0.268900	0.223480	0.224049	0.283571	0.293897	0.184226	0.249729	0.270225	0.078052	0.059265	0.065717	0.065867	0.067120	0.045784	0.041746	0.068829	0.059059	0.049793	0.046902	0.068295	0.061929	0.067562	0.066030	0.088050	140420.0	140420.0
-5	0.266159	0.222404	0.220396	0.291041	0.279454	0.192829	0.245093	0.272732	0.075623	0.062249	0.065774	0.062512	0.068174	0.049430	0.043833	0.060967	0.057285	0.053155	0.046411	0.063545	0.060696	0.081712	0.068010	0.080622	140420.0	140420.0
-4	0.261779	0.246546	0.224028	0.267647	0.269755	0.202393	0.263809	0.252044	0.073643	0.050470	0.077225	0.060440	0.069221	0.043733	0.059878	0.073715	0.058745	0.044588	0.054195	0.066500	0.055704	0.054629	0.077347	0.079967	140420.0	140420.0
-3	0.257314	0.193420	0.268644	0.280622	0.286405	0.187431	0.248376	0.277838	0.066322	0.054280	0.068103	0.068608	0.046404	0.037231	0.036768	0.073017	0.057392	0.056872	0.056559	0.097821	0.048996	0.065112	0.064036	0.102478	140420.0	140420.0
-2	0.219114	0.213495	0.225466	0.341924	0.269143	0.192337	0.173031	0.388485	0.050385	0.066130	0.043726	0.058873	0.049623	0.065746	0.025253	0.072874	0.042444	0.064863	0.036476	0.081684	0.044089	0.134069	0.047970	0.115795	140420.0	140420.0
-1	0.186540	0.330808	0.153425	0.329227	0.247493	0.156673	0.204985	0.189816	0.053247	0.035088	0.059813	0.038392	0.203660	0.039788	0.049872	0.037488	0.050620	0.025709	0.041305	0.035793	0.111366	0.068053	0.105320	0.044488	140420.0	140420.0
0	0.418893	0.168637	0.256310	0.156160	0.243028	0.152941	0.375395	0.175395	0.078571	0.073529	0.181513	0.085280	0.047116	0.030651	0.029333	0.061537	0.068074	0.045720	0.047237	0.095278	0.033621	0.037651	0.039332	0.045556	140420.0	140420.0
1	0.227382	0.187552	0.297415	0.287651	0.267839	0.150534	0.238363	0.260696	0.059137	0.049145	0.064713	0.054387	0.058083	0.032431	0.034504	0.062534	0.064969	0.034055	0.049544	0.148846	0.057720	0.069135	0.064200	0.096596	140420.0	140420.0
2	0.239909	0.184767	0.212961	0.362363	0.273230	0.156844	0.248248	0.286213	0.062057	0.052464	0.076435	0.048953	0.053561	0.030544	0.041269	0.059393	0.058446	0.033720	0.051310	0.069484	0.066864	0.100919	0.099224	0.095357	140420.0	140420.0
3	0.240927	0.217647	0.268238	0.273188	0.236968	0.199181	0.262363	0.255391	0.060006	0.056018	0.071870	0.053034	0.053895	0.038734	0.056630	0.068388	0.071927	0.045257	0.058560	0.092494	0.046375	0.070716	0.078543	0.077553	140420.0	140420.0
4	0.232203	0.210725	0.265603	0.291468	0.236875	0.208346	0.256246	0.258610	0.059607	0.055021	0.065069	0.052507	0.048213	0.039781	0.057292	0.065439	0.069257	0.048960	0.062313	0.085073	0.049217	0.077845	0.088862	0.075545	140420.0	140420.0
5	0.226293	0.221607	0.273537	0.278564	0.215012	0.222212	0.257962	0.249445	0.054871	0.054835	0.067376	0.049210	0.050940	0.040265	0.062755	0.067647	0.069456	0.052934	0.066258	0.084888	0.046532	0.077133	0.090500	0.064400	140420.0	140420.0
6	0.221799	0.225167	0.286889	0.266144	0.210262	0.229853	0.262050	0.243890	0.056295	0.052229	0.065375	0.047899	0.051887	0.040614	0.063239	0.069427	0.071115	0.056737	0.069264	0.089774	0.044381	0.072162	0.087915	0.061686	140420.0	140420.0
7	0.223679	0.221742	0.285793	0.268786	0.214784	0.227923	0.264450	0.248319	0.057036	0.052236	0.066743	0.047664	0.047116	0.040984	0.061765	0.071877	0.071806	0.056310	0.068865	0.088812	0.046119	0.071493	0.087210	0.063965	140420.0	140420.0
8	0.222077	0.221023	0.284582	0.272319	0.207948	0.233606	0.262470	0.259643	0.054451	0.053917	0.067412	0.046297	0.045293	0.041355	0.060134	0.074242	0.068188	0.059699	0.072418	0.084276	0.042423	0.079269	0.085850	0.064777	140420.0	140420.0
9	0.210355	0.234240	0.285814	0.269591	0.203589	0.238691	0.262363	0.251396	0.054729	0.048604	0.064207	0.042814	0.048732	0.043227	0.066308	0.075972	0.071614	0.057342	0.071813	0.085045	0.044638	0.070788	0.092757	0.061409	140420.0	140420.0
10	0.219712	0.219962	0.295086	0.265240	0.207264	0.235116	0.286156	0.229020	0.056808	0.049708	0.068167	0.045029	0.049124	0.037310	0.063780	0.069748	0.079326	0.052172	0.081854	0.081733	0.046689	0.063225	0.096589	0.058738	140420.0	140420.0
11	0.231947	0.202414	0.310390	0.255249	0.206538	0.236149	0.299352	0.220852	0.059756	0.053931	0.073102	0.045157	0.044331	0.036619	0.057079	0.064385	0.081684	0.057641	0.084810	0.086256	0.044160	0.062384	0.091241	0.057463	140420.0	140420.0
12	0.229932	0.210575	0.306231	0.253262	0.206637	0.237858	0.280174	0.233179	0.058774	0.062185	0.064314	0.044659	0.048462	0.040315	0.054508	0.067291	0.080679	0.066629	0.076406	0.082517	0.045036	0.067405	0.082652	0.058168	140420.0	140420.0
13	0.232951	0.236533	0.277881	0.252635	0.211686	0.231434	0.268523	0.253255	0.059927	0.060931	0.065461	0.046632	0.053340	0.048405	0.056139	0.078650	0.073487	0.057243	0.069648	0.077503	0.046033	0.067106	0.080402	0.059094	140420.0	140420.0
14	0.232787	0.233685	0.271649	0.261879	0.214806	0.226919	0.258653	0.251809	0.058005	0.059671	0.067156	0.047956	0.050513	0.042900	0.060383	0.079889	0.067569	0.057713	0.065924	0.080444	0.046446	0.066622	0.086412	0.062399	140420.0	140420.0
15	0.222532	0.226905	0.279875	0.270688	0.222710	0.221129	0.245414	0.272333	0.058076	0.056545	0.058852	0.049060	0.047657	0.044054	0.051674	0.083521	0.066287	0.063203	0.062199	0.088185	0.046026	0.075210	0.079903	0.069548	140420.0	140420.0
16	0.218046	0.239012	0.252628	0.290315	0.222910	0.228415	0.242216	0.278522	0.058781	0.053568	0.059400	0.046297	0.050427	0.052421	0.056787	0.079376	0.062242	0.057413	0.061793	0.071179	0.050919	0.079811	0.092672	0.066914	140420.0	140420.0
17	0.222369	0.243213	0.270652	0.263766	0.215461	0.240308	0.263652	0.248782	0.060953	0.053219	0.063125	0.045072	0.056509	0.046475	0.065639	0.074591	0.068267	0.056886	0.071308	0.074192	0.047650	0.065931	0.088399	0.061786	140420.0	140420.0
18	0.233378	0.222511	0.288470	0.255640	0.228571	0.222319	0.270254	0.246902	0.064250	0.056509	0.061822	0.050798	0.053967	0.044851	0.049516	0.074177	0.076812	0.060583	0.067369	0.083706	0.050798	0.065147	0.076969	0.062726	140420.0	140420.0
19	0.245827	0.227090	0.255676	0.271407	0.238492	0.216087	0.258161	0.251196	0.066550	0.062356	0.065155	0.051766	0.056694	0.046660	0.052785	0.070951	0.068487	0.058674	0.057969	0.070546	0.055334	0.068744	0.082488	0.064841	140420.0	140420.0
20	0.247066	0.236434	0.258396	0.258104	0.234589	0.224932	0.261629	0.249338	0.066743	0.062363	0.065532	0.052428	0.058788	0.048355	0.056210	0.073081	0.068060	0.059073	0.061295	0.069969	0.052371	0.064855	0.077831	0.063047	140420.0	140420.0
21	0.245962	0.234646	0.260867	0.258524	0.238577	0.220894	0.266664	0.243014	0.068203	0.058154	0.065959	0.053646	0.060098	0.045862	0.057371	0.071315	0.071842	0.057000	0.060661	0.071364	0.052785	0.061893	0.079903	0.063944	140420.0	140420.0
22	0.252927	0.222910	0.263894	0.260269	0.240963	0.220182	0.278194	0.226841	0.070446	0.058318	0.070873	0.053290	0.059578	0.041411	0.057478	0.064442	0.070738	0.055156	0.066137	0.071863	0.054088	0.057848	0.085194	0.063139	140420.0	140420.0
23	0.254850	0.212733	0.279682	0.252735	0.247037	0.210931	0.281463	0.226406	0.071728	0.059550	0.067889	0.055683	0.057869	0.039318	0.049765	0.065781	0.075174	0.055177	0.066671	0.082659	0.053639	0.055320	0.077788	0.065988	140420.0	140420.0
24	0.258410	0.209365	0.262114	0.270111	0.259336	0.201374	0.266942	0.234026	0.073914	0.062641	0.064393	0.057463	0.058346	0.039054	0.048127	0.063837	0.071336	0.056894	0.057300	0.076585	0.060020	0.063196	0.078956	0.067939	140420.0	140420.0
25	0.263616	0.221785	0.248775	0.265824	0.264763	0.197721	0.262149	0.238677	0.076855	0.065988	0.062334	0.058439	0.065803	0.041369	0.048960	0.065653	0.069506	0.053938	0.053454	0.071877	0.060511	0.062698	0.073658	0.068957	140420.0	140420.0
26	0.272675	0.223992	0.238406	0.264927	0.268423	0.196980	0.268965	0.227083	0.081263	0.062961	0.069456	0.058994	0.068587	0.036925	0.053938	0.064542	0.062292	0.050164	0.055954	0.069997	0.060960	0.058410	0.078351	0.067206	140420.0	140420.0
27	0.273102	0.208460	0.257698	0.260739	0.255961	0.211273	0.272397	0.225388	0.072988	0.071571	0.070966	0.057577	0.060255	0.040229	0.047515	0.060461	0.060412	0.055498	0.068032	0.073757	0.058090	0.057392	0.077952	0.067305	140420.0	140420.0
28	0.251745	0.224690	0.264464	0.259101	0.260832	0.195385	0.259999	0.230530	0.071721	0.060433	0.060647	0.058945	0.071728	0.039133	0.047059	0.066771	0.069634	0.051196	0.057997	0.085636	0.058717	0.053176	0.075758	0.071450	140420.0	140420.0
29	0.271799	0.203938	0.241461	0.282802	0.277112	0.185956	0.246354	0.245343	0.072739	0.072055	0.062840	0.064165	0.059472	0.039325	0.043135	0.062007	0.058119	0.050840	0.052656	0.079846	0.061572	0.065375	0.077218	0.078636	140420.0	140420.0
30	0.251901	0.227596	0.235850	0.284653	0.266914	0.203005	0.236405	0.257492	0.069392	0.062854	0.059229	0.060426	0.062050	0.044780	0.053981	0.066785	0.055163	0.051624	0.052621	0.076442	0.060077	0.068908	0.078650	0.077019	140420.0	140420.0
31	0.246681	0.228166	0.244481	0.280672	0.270674	0.197550	0.233991	0.252635	0.068658	0.059123	0.057827	0.061074	0.064179	0.042530	0.051802	0.069655	0.055633	0.051346	0.051873	0.085629	0.062220	0.061729	0.078002	0.078721	140420.0	140420.0
32	0.250691	0.214727	0.239503	0.295079	0.280672	0.192508	0.237609	0.255825	0.070524	0.057243	0.060127	0.062797	0.059322	0.041846	0.047913	0.065646	0.056025	0.051816	0.050933	0.080729	0.066130	0.067113	0.080615	0.081221	140420.0	140420.0
33	0.252001	0.218017	0.239588	0.290393	0.279604	0.194994	0.236797	0.259778	0.071194	0.059201	0.059087	0.062520	0.060255	0.043989	0.048063	0.065710	0.055405	0.051830	0.051111	0.081242	0.062698	0.066885	0.077617	0.083193	140420.0	140420.0
34	0.249551	0.221906	0.235878	0.292665	0.287858	0.192437	0.236583	0.263652	0.073052	0.054102	0.059529	0.062869	0.062712	0.043669	0.047621	0.067903	0.054957	0.052101	0.049046	0.079775	0.064777	0.064920	0.075808	0.087160	140420.0	140420.0
35	0.255498	0.214791	0.232004	0.297707	0.298369	0.185045	0.238955	0.262377	0.076079	0.055156	0.058710	0.065553	0.060654	0.042081	0.045214	0.066842	0.056438	0.050021	0.047728	0.077817	0.067327	0.064044	0.076926	0.089410	140420.0	140420.0
36	0.260497	0.211302	0.228579	0.299623	0.303632	0.184197	0.241525	0.261800	0.077496	0.056630	0.059194	0.067177	0.060276	0.042750	0.044516	0.063759	0.056189	0.048284	0.048647	0.075459	0.067113	0.063445	0.077218	0.091846	140420.0	140420.0
37	0.261074	0.211110	0.229576	0.298241	0.302706	0.181484	0.241034	0.263645	0.078949	0.056559	0.059037	0.066529	0.059080	0.043633	0.043356	0.065041	0.055726	0.047173	0.047322	0.079355	0.065881	0.063623	0.077389	0.091347	140420.0	140420.0
38	0.259635	0.210988	0.227104	0.302272	0.303960	0.181043	0.237110	0.265382	0.075958	0.056516	0.059358	0.067804	0.059614	0.043925	0.043470	0.063979	0.055590	0.047443	0.046204	0.077866	0.066614	0.063894	0.078180	0.093584	140420.0	140420.0
39	0.257777	0.211779	0.227211	0.303233	0.306210	0.182303	0.239417	0.265382	0.077268	0.054287	0.060326	0.065895	0.058581	0.043007	0.045043	0.065147	0.055519	0.047949	0.046304	0.077439	0.068459	0.062641	0.077546	0.094588	140420.0	140420.0
40	0.259828	0.207883	0.229219	0.303069	0.308012	0.179141	0.240714	0.261644	0.076998	0.054800	0.060533	0.067498	0.058282	0.041262	0.043085	0.065254	0.056331	0.047942	0.046852	0.078094	0.069470	0.061081	0.078472	0.094046	140420.0	140420.0
41	0.261081	0.205085	0.228942	0.304892	0.309151	0.177019	0.240037	0.264179	0.077411	0.054985	0.060867	0.067818	0.057107	0.041518	0.041853	0.064606	0.056196	0.048084	0.045563	0.079098	0.068302	0.062434	0.078536	0.095620	140420.0	140420.0
42	0.259016	0.207022	0.226820	0.307143	0.314314	0.179932	0.238969	0.264734	0.078201	0.052500	0.059692	0.068623	0.057819	0.041768	0.044203	0.063232	0.055263	0.048148	0.045813	0.077596	0.070496	0.062740	0.076912	0.096995	140420.0	140420.0
43	0.261779	0.205156	0.226620	0.306445	0.316778	0.176392	0.242273	0.263923	0.079148	0.052464	0.061102	0.069064	0.058645	0.039738	0.042814	0.063958	0.054237	0.046055	0.047785	0.078543	0.070289	0.061950	0.075929	0.098277	140420.0	140420.0
44	0.262320	0.200207	0.227631	0.309842	0.319392	0.175538	0.240706	0.264471	0.079732	0.051082	0.061779	0.069727	0.055605	0.040422	0.041646	0.062534	0.052671	0.046945	0.046525	0.081491	0.072461	0.064044	0.075865	0.097472	140420.0	140420.0
45	0.260469	0.202493	0.225815	0.311223	0.317733	0.174185	0.237958	0.264877	0.079426	0.051403	0.060120	0.069520	0.056139	0.040272	0.041454	0.064628	0.053198	0.047244	0.045214	0.080160	0.072212	0.063403	0.079034	0.096575	140420.0	140420.0
46	0.260974	0.202322	0.225823	0.310882	0.318972	0.173572	0.236661	0.261665	0.079469	0.052514	0.058574	0.070417	0.059294	0.038741	0.042615	0.061672	0.052457	0.046055	0.046162	0.081149	0.072290	0.064457	0.077339	0.096795	140420.0	140420.0
47	0.263509	0.201766	0.224690	0.310034	0.323024	0.173601	0.240201	0.263638	0.081976	0.052122	0.059002	0.070410	0.056395	0.040956	0.042501	0.061914	0.054729	0.045649	0.044495	0.079818	0.072262	0.062391	0.077005	0.098376	140420.0	140420.0
48	0.265361	0.201118	0.223002	0.310518	0.328636	0.172703	0.243911	0.259835	0.084034	0.050499	0.058752	0.072077	0.058104	0.039175	0.043961	0.059878	0.055711	0.044153	0.045414	0.077724	0.073508	0.061765	0.076228	0.099017	140420.0	140420.0
49	0.271357	0.195592	0.224356	0.308695	0.334375	0.167761	0.246560	0.254138	0.085479	0.052193	0.059685	0.073999	0.057499	0.038905	0.040721	0.058467	0.055904	0.042643	0.045492	0.080316	0.076278	0.058147	0.075652	0.098618	140420.0	140420.0
50	0.275160	0.191889	0.221550	0.311402	0.338363	0.163189	0.245008	0.255797	0.086711	0.054437	0.059400	0.074612	0.057321	0.037131	0.039247	0.058190	0.055526	0.043441	0.043370	0.079212	0.075438	0.058873	0.075488	0.101602	140420.0	140420.0
51	0.274996	0.193883	0.217505	0.313616	0.341817	0.162377	0.245385	0.259479	0.086839	0.054216	0.059137	0.074804	0.056716	0.038641	0.039439	0.059087	0.055833	0.040721	0.043576	0.077375	0.076378	0.057955	0.075488	0.103796	140420.0	140420.0
52	0.275766	0.191533	0.217640	0.315062	0.349238	0.161010	0.245521	0.258318	0.087545	0.051211	0.059678	0.077332	0.057221	0.036968	0.039474	0.057869	0.055355	0.041625	0.042943	0.077717	0.077646	0.056765	0.073935	0.106716	140420.0	140420.0
53	0.277767	0.186569	0.216030	0.319634	0.353041	0.159301	0.242643	0.260590	0.087053	0.052642	0.059643	0.078429	0.055498	0.035821	0.038898	0.056352	0.054038	0.042672	0.041910	0.077411	0.078401	0.059258	0.072817	0.109158	140420.0	140420.0
54	0.274989	0.190393	0.213267	0.321350	0.354707	0.160298	0.242188	0.262634	0.087879	0.051332	0.057592	0.078187	0.055633	0.037203	0.039638	0.057919	0.054978	0.041718	0.041739	0.074833	0.080259	0.059130	0.073579	0.108382	140420.0	140420.0
55	0.278749	0.189382	0.212548	0.319321	0.352122	0.160298	0.245157	0.262427	0.088648	0.054038	0.058439	0.077624	0.056103	0.037666	0.038392	0.057221	0.054280	0.040450	0.043790	0.074028	0.077574	0.059265	0.074206	0.108275	140420.0	140420.0
56	0.276606	0.191419	0.214827	0.317149	0.351916	0.161601	0.243911	0.262042	0.088029	0.053169	0.057755	0.077653	0.057442	0.038221	0.038079	0.057677	0.054287	0.041461	0.043840	0.075239	0.078479	0.058389	0.072525	0.107755	140420.0	140420.0
57	0.278237	0.191241	0.212199	0.318324	0.354130	0.159358	0.241718	0.264606	0.087103	0.054544	0.058617	0.077973	0.057228	0.038712	0.037324	0.057976	0.052756	0.040080	0.043242	0.076122	0.078913	0.057777	0.071493	0.110141	140420.0	140420.0
58	0.276001	0.191112	0.210675	0.322212	0.353283	0.159764	0.241013	0.263374	0.087046	0.053404	0.058681	0.076869	0.057748	0.039539	0.038093	0.055733	0.052649	0.039496	0.042636	0.075894	0.080907	0.059643	0.073202	0.108460	140420.0	140420.0
59	0.278351	0.192081	0.212612	0.316956	0.354031	0.157178	0.243007	0.260255	0.086626	0.053831	0.058382	0.079511	0.058375	0.037423	0.037395	0.058888	0.054116	0.038477	0.043883	0.076136	0.081997	0.058047	0.071016	0.105897	140420.0	140420.0
60	0.281114	0.187780	0.210675	0.320432	0.358546	0.156381	0.245314	0.260846	0.089674	0.052571	0.059742	0.079127	0.056303	0.038477	0.036134	0.056865	0.053326	0.039197	0.042572	0.075580	0.082474	0.058232	0.072454	0.107271	140420.0	140420.0
61	0.281776	0.188477	0.210903	0.318843	0.362598	0.154999	0.244958	0.262164	0.090991	0.052834	0.057335	0.080615	0.056545	0.038022	0.035643	0.058268	0.053774	0.038477	0.042857	0.075794	0.082973	0.057855	0.069997	0.108019	140420.0	140420.0
62	0.284283	0.187188	0.205833	0.322696	0.366059	0.151702	0.245442	0.263816	0.091226	0.054665	0.058247	0.080145	0.055405	0.037644	0.036134	0.058005	0.055633	0.037587	0.040336	0.072276	0.083172	0.056651	0.071357	0.111515	140420.0	140420.0
63	0.285437	0.186548	0.206075	0.321941	0.367996	0.151111	0.243605	0.262498	0.090550	0.054422	0.058289	0.082175	0.057278	0.037153	0.035842	0.056274	0.053895	0.037245	0.040870	0.074064	0.082595	0.056395	0.070275	0.112676	140420.0	140420.0
64	0.284318	0.185216	0.205277	0.325189	0.371514	0.150627	0.240934	0.265966	0.091134	0.054579	0.056288	0.082317	0.056331	0.038698	0.033770	0.056416	0.052557	0.037203	0.040956	0.074562	0.084603	0.057392	0.069734	0.113460	140420.0	140420.0
65	0.284625	0.187872	0.200748	0.326755	0.373166	0.150719	0.242729	0.265375	0.091554	0.052849	0.057876	0.082346	0.057200	0.037730	0.035273	0.057670	0.053183	0.037601	0.040115	0.069848	0.085287	0.055996	0.071493	0.113979	140420.0	140420.0
66	0.287224	0.184176	0.204757	0.323843	0.370959	0.152649	0.242031	0.262527	0.091789	0.055541	0.056780	0.083115	0.055840	0.037936	0.035408	0.054992	0.052728	0.038570	0.040735	0.072725	0.083706	0.057250	0.070538	0.112349	140420.0	140420.0
67	0.284062	0.189296	0.203461	0.323180	0.366914	0.154465	0.241597	0.262961	0.090372	0.053490	0.058069	0.082132	0.057869	0.038997	0.036483	0.055946	0.052799	0.038627	0.040357	0.071678	0.082894	0.056502	0.072269	0.111515	140420.0	140420.0
68	0.283934	0.187616	0.207178	0.321272	0.365760	0.154529	0.242579	0.259066	0.090037	0.053774	0.057535	0.082588	0.057036	0.037267	0.036241	0.057072	0.052713	0.038727	0.042295	0.073444	0.083649	0.055241	0.072896	0.109486	140420.0	140420.0
69	0.283435	0.185009	0.208966	0.322589	0.364998	0.152172	0.244524	0.258952	0.089781	0.053860	0.058439	0.081356	0.055946	0.036832	0.034390	0.057841	0.054750	0.039396	0.041554	0.073266	0.084311	0.054729	0.073999	0.109550	140420.0	140420.0
70	0.284788	0.184817	0.208382	0.322013	0.367583	0.154173	0.245001	0.258254	0.090550	0.053119	0.058980	0.082139	0.056908	0.036896	0.034974	0.056039	0.053169	0.040001	0.042302	0.072910	0.085259	0.055683	0.071436	0.109635	140420.0	140420.0
71	0.285885	0.185700	0.207691	0.320724	0.373280	0.151830	0.245214	0.259550	0.091632	0.050954	0.057542	0.085757	0.057164	0.037324	0.034226	0.056986	0.054458	0.038698	0.041582	0.072953	0.084447	0.053796	0.071037	0.111444	140420.0	140420.0
72	0.287701	0.180772	0.204387	0.327140	0.376784	0.148661	0.245877	0.255277	0.093662	0.053368	0.056210	0.084461	0.055968	0.035800	0.034397	0.054608	0.054088	0.036548	0.041917	0.071834	0.088406	0.054615	0.073864	0.110255	140420.0	140420.0
73	0.292124	0.180330	0.206388	0.321158	0.380309	0.150228	0.247899	0.254565	0.094766	0.054017	0.058190	0.085152	0.055833	0.035002	0.035380	0.054116	0.053269	0.038171	0.041675	0.073273	0.088235	0.053290	0.067476	0.112156	140420.0	140420.0
74	0.292102	0.180480	0.202720	0.324697	0.382089	0.148148	0.247251	0.258539	0.096453	0.054501	0.055669	0.085479	0.056124	0.036327	0.032851	0.055177	0.054294	0.038136	0.040835	0.069456	0.086149	0.053027	0.071514	0.114008	140420.0	140420.0
75	0.293021	0.181990	0.200869	0.324120	0.383250	0.145115	0.246689	0.259821	0.096510	0.053952	0.056936	0.085622	0.056595	0.035501	0.032894	0.057000	0.053326	0.036804	0.039916	0.070823	0.087523	0.053725	0.069278	0.113595	140420.0	140420.0
76	0.293954	0.179981	0.199024	0.327040	0.383386	0.145321	0.244253	0.260540	0.096211	0.054835	0.056894	0.086013	0.053938	0.035536	0.033478	0.057029	0.051880	0.037039	0.039268	0.070837	0.087196	0.054009	0.071870	0.113965	140420.0	140420.0
77	0.289225	0.181420	0.201510	0.327845	0.378130	0.143498	0.245179	0.260291	0.092978	0.053547	0.058403	0.084297	0.055875	0.034290	0.033250	0.058005	0.053668	0.035828	0.040130	0.071884	0.087530	0.054672	0.072319	0.113324	140420.0	140420.0
78	0.290051	0.178336	0.204102	0.327510	0.376784	0.143904	0.246475	0.257378	0.092252	0.052898	0.059685	0.085216	0.055776	0.033820	0.031854	0.056886	0.053689	0.037381	0.040849	0.072183	0.086555	0.053910	0.074284	0.112762	140420.0	140420.0
79	0.288271	0.178009	0.206673	0.327047	0.375317	0.144929	0.247507	0.256246	0.092900	0.053497	0.058054	0.083820	0.056922	0.034019	0.031797	0.055270	0.055747	0.038307	0.040806	0.071813	0.086619	0.054978	0.073472	0.111978	140420.0	140420.0
80	0.292188	0.180800	0.204130	0.322881	0.378393	0.146105	0.248334	0.254736	0.094267	0.053603	0.058831	0.085486	0.056673	0.034803	0.032659	0.056666	0.054451	0.037858	0.040785	0.071037	0.088314	0.052941	0.071300	0.110326	140420.0	140420.0
81	0.293705	0.179205	0.203575	0.323515	0.380736	0.145741	0.248939	0.255619	0.094965	0.053126	0.059650	0.085964	0.056822	0.035871	0.031662	0.054850	0.053831	0.037715	0.040493	0.071535	0.088029	0.053119	0.070588	0.111779	140420.0	140420.0
82	0.293648	0.179832	0.202393	0.324128	0.380601	0.142850	0.246988	0.256922	0.093754	0.053304	0.059322	0.087267	0.057478	0.035045	0.031292	0.056018	0.053482	0.036085	0.040429	0.072397	0.086811	0.053091	0.071457	0.112769	140420.0	140420.0
83	0.291525	0.177525	0.202500	0.328450	0.382823	0.143940	0.246689	0.258119	0.093213	0.054700	0.057428	0.086184	0.056189	0.034675	0.030836	0.055825	0.053860	0.036241	0.042188	0.070211	0.088613	0.052806	0.072219	0.114813	140420.0	140420.0
84	0.291874	0.178422	0.202671	0.327033	0.385415	0.142779	0.247864	0.259415	0.094495	0.053212	0.057406	0.086761	0.056160	0.034803	0.030487	0.056972	0.054693	0.036220	0.041269	0.070489	0.089318	0.052799	0.070075	0.114841	140420.0	140420.0
85	0.294666	0.177033	0.199238	0.329063	0.390706	0.140301	0.247921	0.259749	0.097244	0.052728	0.057478	0.087217	0.056908	0.034910	0.030245	0.054971	0.053746	0.035693	0.039453	0.070346	0.089225	0.052849	0.069969	0.117020	140420.0	140420.0
86	0.297123	0.176179	0.197144	0.329554	0.393648	0.139446	0.249096	0.260340	0.099466	0.052357	0.057364	0.087936	0.056352	0.034475	0.029704	0.055647	0.052286	0.035287	0.039980	0.069591	0.089674	0.053646	0.069662	0.116572	140420.0	140420.0
87	0.297778	0.175766	0.196710	0.329746	0.392615	0.139866	0.250256	0.259472	0.097244	0.053582	0.059586	0.087366	0.054978	0.034432	0.029633	0.056723	0.052841	0.035216	0.040585	0.068067	0.092387	0.052699	0.069043	0.115617	140420.0	140420.0
88	0.297451	0.175929	0.198846	0.327774	0.388613	0.141511	0.247422	0.255662	0.094994	0.055056	0.058752	0.088648	0.056238	0.033421	0.030444	0.055825	0.052379	0.036348	0.041298	0.068822	0.090692	0.052136	0.070667	0.114279	140420.0	140420.0
89	0.294303	0.176962	0.201161	0.327574	0.386398	0.141981	0.247621	0.255341	0.095214	0.053860	0.058788	0.086441	0.057029	0.032559	0.031662	0.055711	0.052421	0.036562	0.041198	0.070980	0.091376	0.053703	0.069128	0.113367	140420.0	140420.0
90	0.296040	0.176684	0.200776	0.326499	0.387423	0.144182	0.248120	0.257527	0.097130	0.055163	0.057157	0.086590	0.055241	0.034012	0.031819	0.055612	0.053475	0.037993	0.040357	0.068950	0.089239	0.053440	0.069356	0.114464	140420.0	140420.0
91	0.295086	0.180608	0.198690	0.325616	0.388207	0.144388	0.248348	0.258973	0.097451	0.052685	0.058425	0.086526	0.057933	0.034803	0.031413	0.056459	0.051674	0.037374	0.040799	0.068843	0.090151	0.053632	0.067754	0.114079	140420.0	140420.0
92	0.297208	0.178493	0.198391	0.325908	0.392601	0.140571	0.248241	0.262363	0.097835	0.052364	0.057755	0.089254	0.056260	0.035031	0.030608	0.056595	0.053447	0.035729	0.039204	0.070011	0.089909	0.055135	0.065261	0.115603	140420.0	140420.0
93	0.297451	0.178258	0.192829	0.331463	0.397230	0.138143	0.243163	0.261815	0.097322	0.054202	0.056993	0.088933	0.057307	0.032738	0.030152	0.058062	0.049943	0.036348	0.038905	0.067633	0.092715	0.052756	0.067733	0.118260	140420.0	140420.0
94	0.297287	0.176043	0.193783	0.332887	0.395976	0.138185	0.246475	0.258354	0.097721	0.053561	0.056303	0.089702	0.058888	0.033208	0.030152	0.053796	0.051944	0.034318	0.040507	0.067013	0.090884	0.053682	0.070652	0.117668	140420.0	140420.0
95	0.299437	0.174769	0.197614	0.328180	0.398960	0.137302	0.250499	0.258054	0.100719	0.052542	0.057520	0.088655	0.057592	0.033621	0.029348	0.054209	0.053020	0.035095	0.039239	0.070261	0.091561	0.052201	0.066394	0.118024	140420.0	140420.0
96	0.302891	0.173458	0.192501	0.331149	0.400449	0.135949	0.248932	0.259023	0.098861	0.053675	0.058745	0.091611	0.055669	0.032317	0.029946	0.055526	0.051552	0.033913	0.039774	0.067262	0.091796	0.052998	0.068174	0.118181	140420.0	140420.0
97	0.297878	0.172903	0.196639	0.332581	0.397109	0.137893	0.248056	0.257549	0.098248	0.052792	0.056673	0.090165	0.056388	0.032082	0.030551	0.053881	0.053354	0.035479	0.039781	0.068024	0.092629	0.055519	0.068366	0.116066	140420.0	140420.0
98	0.300620	0.175872	0.195371	0.328137	0.396845	0.138413	0.247842	0.258731	0.099266	0.053995	0.056331	0.091027	0.055733	0.034660	0.030167	0.055313	0.054088	0.035429	0.038157	0.067697	0.091682	0.053888	0.067697	0.114870	140420.0	140420.0
99	0.300769	0.177973	0.192352	0.328906	0.390507	0.136377	0.246774	0.258831	0.096539	0.056253	0.058460	0.089517	0.057670	0.033222	0.030672	0.056409	0.052599	0.033307	0.039175	0.067270	0.091347	0.056096	0.068359	0.113104	140420.0	140420.0
100	0.298156	0.178878	0.196667	0.326300	0.388983	0.137530	0.247429	0.254686	0.095335	0.054843	0.058183	0.089795	0.058368	0.033663	0.030423	0.056424	0.054544	0.034076	0.039368	0.068680	0.092793	0.053539	0.068908	0.111060	140420.0	140420.0
101	0.301040	0.176122	0.196881	0.325958	0.390778	0.137366	0.247564	0.253917	0.096112	0.056068	0.058873	0.089987	0.056616	0.032673	0.030786	0.056046	0.053411	0.034739	0.039168	0.069563	0.092864	0.053383	0.067896	0.111815	140420.0	140420.0
102	0.299003	0.176862	0.196724	0.327411	0.392387	0.139410	0.246881	0.258005	0.096802	0.053575	0.057264	0.091362	0.054323	0.033763	0.031619	0.057157	0.054002	0.035216	0.038812	0.068694	0.091946	0.054807	0.068381	0.112277	140420.0	140420.0
103	0.297073	0.177361	0.196076	0.329490	0.396019	0.139247	0.248248	0.259386	0.097963	0.052663	0.056758	0.089688	0.055526	0.032495	0.031805	0.057535	0.053974	0.035394	0.039553	0.067156	0.093498	0.054487	0.066636	0.114870	140420.0	140420.0
104	0.300961	0.175039	0.194751	0.329248	0.397564	0.137858	0.248903	0.257741	0.098697	0.053760	0.058332	0.090172	0.055213	0.033670	0.030722	0.055434	0.052863	0.034454	0.039012	0.068423	0.094089	0.054031	0.066522	0.114606	140420.0	140420.0
105	0.300862	0.175915	0.194588	0.328636	0.400790	0.135629	0.249615	0.256181	0.101282	0.052628	0.056181	0.090771	0.056395	0.033599	0.030252	0.055669	0.053497	0.033122	0.038655	0.069313	0.094559	0.052735	0.067163	0.114179	140420.0	140420.0
106	0.305733	0.172084	0.192252	0.329932	0.405519	0.134675	0.250947	0.256139	0.102144	0.054629	0.056787	0.092173	0.055163	0.032346	0.030416	0.054159	0.054109	0.034005	0.037908	0.066230	0.094068	0.052500	0.066230	0.117134	140420.0	140420.0
107	0.305484	0.173480	0.191340	0.329697	0.405954	0.134354	0.250278	0.256552	0.102963	0.053895	0.056773	0.091853	0.055391	0.033457	0.030038	0.054593	0.053297	0.033613	0.037245	0.067184	0.094395	0.051759	0.066800	0.116743	140420.0	140420.0
108	0.306046	0.172725	0.190856	0.330373	0.405776	0.133257	0.249672	0.255455	0.102528	0.054088	0.056901	0.092530	0.056438	0.032823	0.029163	0.054301	0.053433	0.034461	0.036811	0.066152	0.094894	0.052507	0.067149	0.115824	140420.0	140420.0
109	0.307292	0.173878	0.190023	0.328806	0.403967	0.133364	0.250342	0.253981	0.101937	0.054992	0.057456	0.092907	0.055797	0.032830	0.030423	0.054828	0.053860	0.033022	0.037089	0.066052	0.095407	0.052606	0.067077	0.113716	140420.0	140420.0
110	0.307000	0.173451	0.192045	0.327503	0.404764	0.133378	0.250755	0.254878	0.102229	0.051901	0.058439	0.094431	0.055690	0.032987	0.029640	0.055135	0.053076	0.033742	0.037010	0.068217	0.093512	0.052165	0.067234	0.114592	140420.0	140420.0
111	0.304508	0.170795	0.192323	0.332374	0.404714	0.129704	0.250427	0.257798	0.103162	0.054031	0.056858	0.090457	0.054223	0.033086	0.028215	0.055270	0.053810	0.031805	0.036597	0.070111	0.095328	0.053675	0.067604	0.115767	140420.0	140420.0
112	0.306523	0.172596	0.189275	0.331605	0.405740	0.129796	0.248960	0.257264	0.102343	0.053575	0.057385	0.093220	0.055270	0.032965	0.028692	0.055669	0.052870	0.031776	0.036362	0.068267	0.095449	0.053903	0.067526	0.114727	140420.0	140420.0
113	0.305932	0.172219	0.189966	0.331883	0.404985	0.131214	0.248967	0.257634	0.101688	0.053425	0.058083	0.092736	0.054665	0.033086	0.029504	0.054964	0.053810	0.033236	0.035387	0.067533	0.094972	0.053995	0.067327	0.115589	140420.0	140420.0
114	0.305135	0.173743	0.190301	0.330822	0.403895	0.131840	0.251218	0.257043	0.101666	0.053368	0.059286	0.090813	0.056409	0.033022	0.028721	0.055590	0.053276	0.033108	0.036989	0.066928	0.095777	0.052792	0.066614	0.115639	140420.0	140420.0
115	0.307129	0.172290	0.191611	0.328970	0.405170	0.131477	0.250912	0.258133	0.103069	0.053931	0.057912	0.092216	0.056929	0.034155	0.027596	0.053611	0.053753	0.033549	0.036177	0.068131	0.093092	0.053575	0.065511	0.116792	140420.0	140420.0
116	0.306844	0.175210	0.187196	0.330751	0.405476	0.133143	0.252813	0.257805	0.103276	0.052179	0.060533	0.090856	0.054743	0.034055	0.029775	0.056637	0.052222	0.032531	0.036783	0.065660	0.095642	0.051410	0.067996	0.115703	140420.0	140420.0
117	0.305882	0.170175	0.195086	0.328856	0.405391	0.134440	0.253639	0.254928	0.103368	0.054173	0.056110	0.092230	0.055049	0.033521	0.028180	0.053425	0.055291	0.033870	0.038869	0.067056	0.095058	0.053247	0.065817	0.114734	140420.0	140420.0
118	0.308767	0.174811	0.188976	0.327446	0.404693	0.135828	0.253190	0.254444	0.105127	0.054017	0.056936	0.092686	0.055797	0.034190	0.030231	0.054593	0.052984	0.033264	0.038143	0.064585	0.093726	0.052507	0.068060	0.113153	140420.0	140420.0
119	0.307634	0.173978	0.193370	0.325018	0.405184	0.133948	0.252749	0.252642	0.102720	0.054059	0.057050	0.093804	0.056915	0.032752	0.029932	0.054380	0.055234	0.033521	0.037744	0.066871	0.093997	0.050847	0.065511	0.114663	140420.0	140420.0
120	0.308866	0.171179	0.190236	0.329718	0.407485	0.131662	0.252300	0.253611	0.104323	0.053589	0.057883	0.093071	0.056765	0.033122	0.028044	0.053247	0.053169	0.033571	0.036925	0.066572	0.095741	0.052891	0.066736	0.114350	140420.0	140420.0
121	0.309999	0.173173	0.189588	0.327240	0.406459	0.134019	0.252941	0.254259	0.103554	0.053126	0.059450	0.093868	0.056452	0.032488	0.030523	0.053710	0.052229	0.033300	0.037708	0.066351	0.093299	0.052322	0.065881	0.115738	140420.0	140420.0
122	0.305533	0.171236	0.193562	0.329668	0.406174	0.133492	0.249302	0.255427	0.102314	0.053710	0.056053	0.093455	0.055384	0.032659	0.029561	0.053632	0.054002	0.034340	0.036932	0.068288	0.093790	0.052521	0.066743	0.116614	140420.0	140420.0
123	0.305491	0.173230	0.189289	0.331990	0.408866	0.133350	0.248825	0.257898	0.102685	0.054501	0.056060	0.092245	0.055719	0.032759	0.029953	0.054800	0.053247	0.033806	0.036832	0.065404	0.096489	0.052891	0.065162	0.117448	140420.0	140420.0
124	0.308140	0.173957	0.188007	0.329896	0.408567	0.131783	0.246518	0.257492	0.101517	0.056174	0.056075	0.094374	0.057406	0.031242	0.029554	0.055754	0.051602	0.033663	0.037324	0.065418	0.094559	0.052379	0.064841	0.118117	140420.0	140420.0
125	0.305085	0.173458	0.187794	0.333663	0.408624	0.131947	0.249231	0.257385	0.101994	0.053034	0.057720	0.092337	0.056388	0.033977	0.029697	0.053397	0.052827	0.031584	0.036690	0.066693	0.096938	0.052656	0.066714	0.117355	140420.0	140420.0
126	0.308147	0.171251	0.190820	0.329782	0.409329	0.133300	0.251802	0.255619	0.103333	0.053433	0.057043	0.094338	0.056018	0.033015	0.029390	0.052827	0.052471	0.031940	0.038955	0.067455	0.094360	0.052478	0.065646	0.117298	140420.0	140420.0
127	0.306181	0.170866	0.191034	0.331919	0.409037	0.130508	0.250940	0.255889	0.102108	0.053810	0.057656	0.092608	0.055006	0.031071	0.029839	0.054949	0.053333	0.031755	0.037844	0.068103	0.095934	0.051481	0.066116	0.118388	140420.0	140420.0
128	0.306381	0.168117	0.191454	0.334048	0.410753	0.130893	0.248326	0.255512	0.101503	0.054864	0.054864	0.095150	0.056374	0.031285	0.029269	0.051189	0.053632	0.032011	0.038328	0.067483	0.094417	0.053354	0.066593	0.119684	140420.0	140420.0
129	0.305925	0.171514	0.189054	0.333507	0.409586	0.132111	0.250007	0.256801	0.102735	0.053603	0.057292	0.092295	0.056018	0.032745	0.028522	0.054230	0.051296	0.032161	0.038684	0.066914	0.097030	0.052300	0.066650	0.117526	140420.0	140420.0
130	0.307079	0.170809	0.191148	0.330964	0.410675	0.132275	0.249957	0.254159	0.101973	0.054159	0.056680	0.094267	0.054900	0.032018	0.029953	0.053938	0.053027	0.032025	0.038278	0.067818	0.096503	0.050271	0.066258	0.117932	140420.0	140420.0
131	0.306402	0.168473	0.191169	0.333955	0.412762	0.132524	0.250249	0.254009	0.104230	0.053176	0.056402	0.092594	0.055754	0.030986	0.029241	0.052493	0.052421	0.035102	0.037196	0.066451	0.097472	0.052065	0.065952	0.118466	140420.0	140420.0
132	0.309878	0.171329	0.188791	0.330003	0.412099	0.130501	0.250655	0.253076	0.104828	0.053319	0.056559	0.095172	0.057563	0.032381	0.028821	0.052564	0.052186	0.032218	0.037082	0.067305	0.095214	0.051246	0.066657	0.116885	140420.0	140420.0
133	0.309792	0.169164	0.189118	0.331926	0.410953	0.130743	0.250057	0.254544	0.102720	0.054437	0.056708	0.095927	0.055320	0.032403	0.028835	0.052606	0.053020	0.031897	0.037609	0.066593	0.095150	0.052379	0.067241	0.117156	140420.0	140420.0
134	0.306210	0.171115	0.190393	0.332282	0.412114	0.132403	0.248504	0.254885	0.101937	0.053461	0.055612	0.095200	0.056310	0.032389	0.029803	0.052614	0.053532	0.032787	0.037423	0.066650	0.095962	0.050869	0.066436	0.119014	140420.0	140420.0
135	0.307741	0.169506	0.189275	0.333478	0.415746	0.131185	0.252144	0.255441	0.105199	0.052094	0.056324	0.094125	0.055085	0.032175	0.029540	0.052706	0.053212	0.032061	0.037409	0.066593	0.097009	0.051147	0.065909	0.119413	140420.0	140420.0
136	0.310504	0.167476	0.189182	0.332837	0.417398	0.130651	0.252208	0.253810	0.104344	0.053269	0.057285	0.095606	0.055384	0.031185	0.028365	0.052542	0.053105	0.033628	0.037473	0.064976	0.097151	0.049786	0.065603	0.120296	140420.0	140420.0
137	0.309984	0.167868	0.188727	0.333421	0.412491	0.130359	0.254800	0.249295	0.105669	0.054494	0.058873	0.090949	0.057413	0.031149	0.029476	0.049829	0.053397	0.032873	0.036861	0.065596	0.098312	0.050755	0.066792	0.117562	140420.0	140420.0
138	0.314791	0.169271	0.192003	0.323935	0.413744	0.130580	0.257321	0.244887	0.108695	0.053504	0.057677	0.094915	0.057527	0.031014	0.029106	0.051624	0.053789	0.033300	0.037160	0.067754	0.096767	0.048882	0.064920	0.113367	140420.0	140420.0
139	0.316778	0.166700	0.188862	0.327660	0.415390	0.128814	0.255939	0.245969	0.109194	0.055213	0.058168	0.094203	0.057421	0.031228	0.027261	0.050790	0.052151	0.033898	0.036426	0.066387	0.097244	0.049202	0.066465	0.114749	140420.0	140420.0
140	0.316009	0.169541	0.188321	0.326129	0.412918	0.131377	0.252293	0.245748	0.105163	0.053732	0.059970	0.097144	0.057592	0.031221	0.030038	0.050691	0.051253	0.034212	0.035907	0.066949	0.096183	0.049409	0.066109	0.114428	140420.0	140420.0
141	0.310191	0.168573	0.192024	0.329212	0.412712	0.129611	0.254786	0.249501	0.106189	0.053326	0.057321	0.093356	0.057912	0.030815	0.028429	0.051417	0.054287	0.033378	0.036989	0.067369	0.096048	0.050150	0.065895	0.117120	140420.0	140420.0
142	0.314435	0.167668	0.188634	0.329262	0.416600	0.128422	0.254273	0.249266	0.107656	0.054301	0.057364	0.095115	0.057527	0.030423	0.028757	0.050961	0.053390	0.033378	0.035864	0.066002	0.095492	0.049544	0.065888	0.118338	140420.0	140420.0
143	0.314065	0.167647	0.187872	0.330416	0.415190	0.128671	0.252585	0.251097	0.107834	0.054487	0.057698	0.094046	0.057136	0.031619	0.028208	0.050684	0.051909	0.033699	0.035145	0.067120	0.094680	0.050164	0.066942	0.118630	140420.0	140420.0
144	0.311558	0.169969	0.187993	0.330480	0.418160	0.129077	0.255120	0.251823	0.108354	0.052193	0.056765	0.094246	0.058959	0.030986	0.028301	0.051723	0.052457	0.032246	0.037545	0.065746	0.094901	0.048455	0.066465	0.120659	140420.0	140420.0
145	0.314670	0.163880	0.189076	0.332374	0.420645	0.127639	0.255576	0.251446	0.108211	0.053518	0.057157	0.095784	0.054380	0.030316	0.027717	0.051467	0.053269	0.032666	0.036939	0.066201	0.097123	0.050135	0.065589	0.119527	140420.0	140420.0
146	0.312982	0.166636	0.187402	0.332980	0.420047	0.128849	0.255533	0.251802	0.108453	0.053888	0.057000	0.093641	0.056146	0.031221	0.028279	0.050990	0.053119	0.032389	0.036961	0.064934	0.097849	0.049487	0.065539	0.120104	140420.0	140420.0
147	0.315568	0.166985	0.187780	0.329668	0.419719	0.130658	0.257634	0.252436	0.108781	0.052849	0.058161	0.095777	0.055206	0.031100	0.029248	0.051431	0.052955	0.032574	0.037737	0.064514	0.094908	0.049651	0.064855	0.120254	140420.0	140420.0
148	0.311850	0.166173	0.190001	0.331976	0.414927	0.129469	0.252386	0.255405	0.105583	0.053012	0.057100	0.096154	0.054672	0.031591	0.028742	0.051168	0.053383	0.032816	0.036320	0.067483	0.092779	0.052236	0.066550	0.120410	140420.0	140420.0
149	0.306416	0.169655	0.188712	0.335216	0.416906	0.131933	0.250285	0.256865	0.104408	0.052927	0.055362	0.093719	0.055954	0.032745	0.029454	0.051503	0.053668	0.032887	0.036847	0.065311	0.096810	0.050648	0.065788	0.121970	140420.0	140420.0
150	0.310839	0.169207	0.187452	0.332502	0.416679	0.130943	0.252008	0.254479	0.105911	0.052158	0.056851	0.095919	0.056124	0.032901	0.028920	0.051261	0.052614	0.032488	0.036633	0.065717	0.096154	0.051624	0.066030	0.118694	140420.0	140420.0
151	0.310803	0.169171	0.188435	0.331591	0.416230	0.130459	0.252806	0.254650	0.107086	0.053539	0.056189	0.093989	0.057057	0.031306	0.029547	0.051261	0.052557	0.032631	0.036975	0.066273	0.094068	0.050997	0.065439	0.121087	140420.0	140420.0
152	0.310768	0.168473	0.188150	0.332609	0.415924	0.130815	0.251923	0.254743	0.106851	0.052955	0.057207	0.093754	0.055199	0.030936	0.030259	0.052079	0.051346	0.033101	0.036519	0.067184	0.094944	0.051353	0.065938	0.120375	140420.0	140420.0
153	0.308339	0.168345	0.189923	0.333393	0.419499	0.131983	0.251844	0.254365	0.107257	0.051225	0.054650	0.095207	0.055790	0.032004	0.029227	0.051325	0.053069	0.033884	0.036868	0.066102	0.096247	0.050249	0.066109	0.120788	140420.0	140420.0
154	0.312363	0.167362	0.186854	0.333421	0.421891	0.130323	0.252834	0.251780	0.109343	0.052101	0.056181	0.094737	0.055056	0.031014	0.030038	0.051253	0.051367	0.033329	0.035942	0.066216	0.097714	0.049416	0.066194	0.120097	140420.0	140420.0
155	0.313481	0.165860	0.188356	0.332303	0.421827	0.128486	0.256523	0.250847	0.110390	0.052706	0.056281	0.094103	0.056288	0.029725	0.028571	0.051275	0.052635	0.032973	0.037217	0.065532	0.097159	0.049672	0.065297	0.120175	140420.0	140420.0
156	0.316472	0.165076	0.187366	0.331085	0.421984	0.128628	0.257086	0.250221	0.109450	0.054316	0.056943	0.095763	0.054978	0.029903	0.029996	0.050199	0.053838	0.031876	0.036854	0.064798	0.096233	0.049580	0.064734	0.120538	140420.0	140420.0
157	0.314499	0.165674	0.188527	0.331299	0.420724	0.127938	0.255548	0.249922	0.109970	0.053347	0.056623	0.094559	0.054693	0.030245	0.029113	0.051624	0.052706	0.032332	0.036248	0.067241	0.096916	0.048775	0.066330	0.119278	140420.0	140420.0
158	0.314286	0.164699	0.188314	0.332702	0.419321	0.127973	0.257955	0.251061	0.109991	0.054095	0.056431	0.093769	0.054850	0.030587	0.028173	0.051090	0.054365	0.032047	0.037167	0.064734	0.097614	0.051439	0.065703	0.117946	140420.0	140420.0
159	0.316821	0.168167	0.187473	0.327539	0.418737	0.131028	0.257976	0.246988	0.109614	0.052777	0.058432	0.095998	0.056659	0.030259	0.031463	0.049786	0.052877	0.032253	0.037053	0.065290	0.095756	0.049573	0.064841	0.117369	140420.0	140420.0
160	0.314905	0.164863	0.191789	0.328443	0.415240	0.131171	0.260205	0.249096	0.109144	0.052913	0.059600	0.093249	0.054522	0.030786	0.028230	0.051325	0.053490	0.034183	0.037972	0.066144	0.094887	0.049024	0.066572	0.117960	140420.0	140420.0
161	0.312042	0.166906	0.192373	0.328678	0.410875	0.132018	0.254579	0.248725	0.106310	0.055199	0.057250	0.093284	0.054679	0.030936	0.030323	0.050969	0.053874	0.033613	0.037146	0.067740	0.094787	0.050328	0.067070	0.116493	140420.0	140420.0
162	0.309650	0.170075	0.191789	0.328486	0.412641	0.131498	0.255462	0.251033	0.107029	0.054358	0.056068	0.092195	0.056901	0.031057	0.029333	0.052785	0.054714	0.033457	0.037651	0.065966	0.096639	0.050413	0.064656	0.116778	140420.0	140420.0
163	0.315283	0.169285	0.187708	0.327724	0.416130	0.132474	0.256694	0.250734	0.109108	0.054579	0.057029	0.094566	0.055555	0.031748	0.029989	0.051994	0.052955	0.033136	0.037601	0.064015	0.096354	0.050890	0.064378	0.116102	140420.0	140420.0
164	0.313972	0.170353	0.188997	0.326677	0.414927	0.131434	0.256495	0.249608	0.108560	0.054330	0.055256	0.095827	0.057136	0.031221	0.030330	0.051666	0.054686	0.031890	0.037993	0.064428	0.095214	0.051396	0.064741	0.115325	140420.0	140420.0
165	0.315596	0.168836	0.188321	0.327247	0.417227	0.129960	0.257413	0.249580	0.109194	0.054130	0.057470	0.094801	0.055925	0.029960	0.030494	0.052457	0.053710	0.032467	0.037039	0.065105	0.096069	0.050000	0.064015	0.117163	140420.0	140420.0
166	0.314898	0.166557	0.189019	0.329526	0.421286	0.131527	0.254059	0.250328	0.108795	0.053789	0.055227	0.097087	0.056124	0.030537	0.029996	0.049900	0.052507	0.033464	0.037530	0.065518	0.095578	0.050064	0.064058	0.119826	140420.0	140420.0
167	0.313004	0.167854	0.186811	0.332332	0.422084	0.129661	0.255227	0.253753	0.109664	0.053682	0.055320	0.094338	0.056424	0.031548	0.029148	0.050734	0.052770	0.031491	0.037473	0.065076	0.096304	0.049694	0.064556	0.121778	140420.0	140420.0
168	0.315162	0.166415	0.186498	0.331926	0.420161	0.129255	0.256160	0.250199	0.107976	0.054088	0.056716	0.096382	0.055505	0.030672	0.029390	0.050847	0.053425	0.031149	0.038043	0.063880	0.096802	0.049680	0.066444	0.119000	140420.0	140420.0
169	0.313709	0.165589	0.190593	0.330110	0.418309	0.127468	0.257029	0.249993	0.109942	0.054230	0.056303	0.093235	0.055006	0.029412	0.029184	0.051987	0.054558	0.032645	0.036227	0.067163	0.095955	0.049416	0.065560	0.119178	140420.0	140420.0
170	0.315461	0.165703	0.187274	0.331562	0.421842	0.127852	0.256103	0.250698	0.110148	0.053525	0.055911	0.095877	0.056253	0.030202	0.028814	0.050434	0.053027	0.031819	0.037018	0.065411	0.096325	0.050570	0.065176	0.119492	140420.0	140420.0
171	0.315753	0.166116	0.186918	0.331214	0.419078	0.129056	0.258012	0.248811	0.109635	0.053846	0.058346	0.093925	0.056238	0.030829	0.028707	0.050342	0.052728	0.032218	0.037302	0.064670	0.097792	0.049915	0.065781	0.117725	140420.0	140420.0
172	0.316394	0.166807	0.190137	0.326663	0.415133	0.131392	0.261537	0.247643	0.111159	0.055006	0.057648	0.092579	0.055662	0.031335	0.029013	0.050798	0.054650	0.032965	0.038079	0.064442	0.095528	0.049644	0.065625	0.115867	140420.0	140420.0
173	0.316999	0.168950	0.190365	0.323686	0.413937	0.132844	0.262327	0.248853	0.111921	0.054536	0.057392	0.093149	0.056844	0.031976	0.029348	0.050783	0.054472	0.032980	0.038542	0.064371	0.093356	0.050584	0.064236	0.115511	140420.0	140420.0
174	0.316593	0.170075	0.189517	0.323814	0.415988	0.131100	0.258346	0.249195	0.110333	0.053831	0.057000	0.095428	0.056260	0.032431	0.028863	0.052521	0.053433	0.032225	0.037580	0.066280	0.095150	0.049167	0.064421	0.115076	140420.0	140420.0
175	0.315176	0.167654	0.187865	0.329305	0.422077	0.126570	0.256901	0.248305	0.110098	0.051802	0.055840	0.097436	0.055783	0.030758	0.029483	0.051631	0.054978	0.030345	0.035985	0.066557	0.097515	0.048889	0.065874	0.117027	140420.0	140420.0
176	0.318373	0.161793	0.187181	0.332652	0.425061	0.123166	0.258638	0.248213	0.111879	0.054116	0.056253	0.096126	0.055840	0.028408	0.027297	0.050249	0.053846	0.030800	0.036661	0.065874	0.098326	0.050826	0.064770	0.118730	140420.0	140420.0
177	0.319890	0.164150	0.184981	0.330978	0.424306	0.125758	0.258688	0.250463	0.112926	0.052948	0.057499	0.096518	0.055106	0.030793	0.027610	0.050641	0.052785	0.031876	0.035479	0.064841	0.096802	0.050969	0.065147	0.118060	140420.0	140420.0
178	0.317619	0.166586	0.185736	0.330060	0.422084	0.125858	0.258147	0.249729	0.111879	0.054451	0.055412	0.095877	0.057670	0.031064	0.026414	0.051439	0.054394	0.031919	0.036462	0.062961	0.097671	0.050570	0.065162	0.116657	140420.0	140420.0
179	0.321614	0.168003	0.183450	0.326933	0.424363	0.127617	0.259023	0.250028	0.114592	0.053183	0.055996	0.097842	0.055199	0.031470	0.028714	0.052621	0.052443	0.031441	0.035992	0.063574	0.096048	0.050057	0.064948	0.115881	140420.0	140420.0
180	0.318281	0.166152	0.185650	0.329917	0.419727	0.127083	0.257976	0.253846	0.110326	0.054316	0.056445	0.097194	0.055298	0.031043	0.027482	0.052329	0.054451	0.031805	0.036754	0.062641	0.094787	0.053055	0.064656	0.117419	140420.0	140420.0
181	0.314863	0.170218	0.185337	0.329583	0.418295	0.128707	0.255298	0.253198	0.109778	0.054401	0.055925	0.094759	0.057563	0.031669	0.028073	0.052913	0.052243	0.031612	0.037352	0.064129	0.095528	0.050385	0.065439	0.118231	140420.0	140420.0
182	0.315112	0.168067	0.186790	0.330031	0.417911	0.129654	0.256723	0.251040	0.111430	0.052813	0.056858	0.094011	0.056723	0.030665	0.029668	0.051011	0.051994	0.032880	0.036441	0.065475	0.094951	0.051844	0.065717	0.117519	140420.0	140420.0
183	0.315098	0.168203	0.188684	0.328016	0.414741	0.128785	0.257307	0.250904	0.110155	0.054294	0.056189	0.094459	0.056830	0.031420	0.027745	0.052208	0.053561	0.032218	0.037402	0.065503	0.094203	0.051353	0.066536	0.115924	140420.0	140420.0
184	0.314749	0.169285	0.187872	0.328094	0.417804	0.127845	0.257100	0.252663	0.111523	0.054536	0.055320	0.093370	0.056424	0.031847	0.027831	0.053183	0.053917	0.031826	0.036341	0.065788	0.094645	0.049366	0.065817	0.118267	140420.0	140420.0
185	0.316508	0.167576	0.185308	0.330608	0.417127	0.128692	0.256246	0.253468	0.110454	0.054508	0.056445	0.095100	0.055462	0.031513	0.027183	0.053418	0.052336	0.032987	0.037010	0.062975	0.095093	0.052058	0.066978	0.116479	140420.0	140420.0
186	0.313346	0.171065	0.187616	0.327973	0.416344	0.131043	0.255491	0.255298	0.110191	0.053205	0.053888	0.096062	0.055704	0.033578	0.028700	0.053084	0.053931	0.031285	0.037480	0.064920	0.093619	0.052165	0.065717	0.116472	140420.0	140420.0
187	0.313445	0.170232	0.185786	0.330537	0.415810	0.129212	0.256096	0.256267	0.109130	0.054935	0.055419	0.093961	0.056267	0.032346	0.028251	0.053368	0.054501	0.031570	0.037046	0.062669	0.093163	0.050997	0.066821	0.119556	140420.0	140420.0
188	0.313061	0.169848	0.187537	0.329554	0.415682	0.130017	0.257741	0.253760	0.110768	0.053497	0.055512	0.093284	0.056773	0.032303	0.028087	0.052685	0.054387	0.032552	0.037074	0.063524	0.094217	0.051360	0.066565	0.117412	140420.0	140420.0
189	0.316144	0.169712	0.187238	0.326905	0.416066	0.132424	0.257221	0.250748	0.110661	0.056089	0.055384	0.094011	0.055996	0.032111	0.029198	0.052407	0.052706	0.032645	0.038470	0.063417	0.094346	0.049181	0.066330	0.117049	140420.0	140420.0
190	0.313709	0.170026	0.189382	0.326884	0.413830	0.133165	0.257057	0.251261	0.110120	0.053468	0.055348	0.094773	0.056723	0.033222	0.028885	0.051196	0.054073	0.033542	0.037516	0.064250	0.093341	0.051246	0.066700	0.115596	140420.0	140420.0
191	0.314257	0.171478	0.188449	0.325815	0.413346	0.131776	0.258026	0.250655	0.110276	0.054814	0.056694	0.092473	0.057784	0.031726	0.029654	0.052314	0.053297	0.032638	0.037758	0.064756	0.093790	0.049808	0.065411	0.116807	140420.0	140420.0
192	0.315147	0.168986	0.189517	0.326350	0.415667	0.131228	0.259472	0.253098	0.110020	0.054116	0.057520	0.093491	0.057221	0.032624	0.027126	0.052015	0.053803	0.033350	0.038128	0.064236	0.093192	0.049494	0.064699	0.118965	140420.0	140420.0
193	0.314236	0.169584	0.187473	0.328707	0.413631	0.131377	0.255833	0.255541	0.108304	0.054565	0.056616	0.094751	0.055434	0.033208	0.028301	0.052642	0.053440	0.032396	0.037473	0.064165	0.092487	0.051602	0.066529	0.118089	140420.0	140420.0
194	0.309664	0.171770	0.188919	0.329647	0.411572	0.135066	0.251517	0.256431	0.106872	0.054017	0.055683	0.093092	0.054280	0.034411	0.028984	0.054095	0.051225	0.033934	0.037737	0.066023	0.095307	0.051624	0.066415	0.116301	140420.0	140420.0
195	0.307684	0.173985	0.188819	0.329511	0.410020	0.134974	0.250933	0.255135	0.105904	0.053475	0.054736	0.093569	0.057207	0.033970	0.028899	0.053910	0.052208	0.034019	0.038086	0.064506	0.094880	0.051588	0.067376	0.115667	140420.0	140420.0
196	0.310198	0.173052	0.189097	0.327653	0.411124	0.134098	0.252236	0.254437	0.105925	0.053988	0.056124	0.094160	0.057883	0.033065	0.028422	0.053682	0.051958	0.034383	0.038228	0.064528	0.093292	0.049943	0.066671	0.117747	140420.0	140420.0
197	0.309059	0.171379	0.189446	0.330117	0.411729	0.133329	0.254273	0.254159	0.107157	0.054259	0.056538	0.091105	0.056815	0.031933	0.028586	0.054045	0.052649	0.034881	0.037929	0.063987	0.095599	0.050313	0.066337	0.117868	140420.0	140420.0
198	0.312220	0.171386	0.189389	0.327005	0.411800	0.133272	0.256744	0.249501	0.108838	0.054358	0.056680	0.092344	0.057186	0.032844	0.028166	0.053190	0.052421	0.033457	0.038805	0.064706	0.096019	0.048868	0.067519	0.114599	140420.0	140420.0
199	0.314464	0.169527	0.191169	0.324840	0.411152	0.132025	0.255676	0.250121	0.107577	0.055006	0.057093	0.094787	0.057371	0.031498	0.027717	0.052941	0.052592	0.034397	0.038413	0.065767	0.093227	0.050121	0.065931	0.115560	140420.0	140420.0
