Distance in bp(Fragment Length Estimate: 75)(Peak Width Estimate: 75)	Same Strand (+ for Watson strand, - for Crick)	Opposite Strand
-2000	3284.0	7.0
-1999	3201.0	4.0
-1998	3221.0	1.0
-1997	3393.0	5.0
-1996	3068.0	2.0
-1995	2939.0	4.0
-1994	3182.0	4.0
-1993	3014.0	2.0
-1992	2755.0	3.0
-1991	2789.0	3.0
-1990	2613.0	1.0
-1989	2479.0	2.0
-1988	2670.0	3.0
-1987	2913.0	4.0
-1986	3059.0	2.0
-1985	3169.0	3.0
-1984	3227.0	3.0
-1983	3258.0	1.0
-1982	3212.0	2.0
-1981	3236.0	2.0
-1980	3426.0	2.0
-1979	3546.0	0.0
-1978	3439.0	0.0
-1977	3685.0	1.0
-1976	3807.0	1.0
-1975	3829.0	1.0
-1974	3877.0	0.0
-1973	3787.0	3.0
-1972	3497.0	7.0
-1971	3464.0	14.0
-1970	3391.0	6.0
-1969	3324.0	7.0
-1968	3377.0	1.0
-1967	3522.0	7.0
-1966	3522.0	8.0
-1965	3497.0	2.0
-1964	3670.0	5.0
-1963	3664.0	8.0
-1962	3551.0	2.0
-1961	3489.0	8.0
-1960	3451.0	7.0
-1959	3503.0	2.0
-1958	3526.0	1.0
-1957	3577.0	1.0
-1956	3827.0	1.0
-1955	3999.0	0.0
-1954	4079.0	2.0
-1953	3973.0	4.0
-1952	4086.0	1.0
-1951	4151.0	3.0
-1950	4045.0	0.0
-1949	4194.0	1.0
-1948	4390.0	0.0
-1947	4281.0	1.0
-1946	4164.0	3.0
-1945	4176.0	5.0
-1944	4228.0	3.0
-1943	4146.0	3.0
-1942	4382.0	5.0
-1941	4383.0	7.0
-1940	4354.0	4.0
-1939	4290.0	4.0
-1938	4261.0	3.0
-1937	4288.0	3.0
-1936	4319.0	2.0
-1935	4260.0	2.0
-1934	4315.0	5.0
-1933	4151.0	1.0
-1932	4096.0	0.0
-1931	4168.0	0.0
-1930	4261.0	2.0
-1929	4301.0	1.0
-1928	4285.0	2.0
-1927	4434.0	2.0
-1926	4378.0	3.0
-1925	4250.0	0.0
-1924	4243.0	1.0
-1923	4141.0	1.0
-1922	4239.0	2.0
-1921	4177.0	2.0
-1920	4167.0	2.0
-1919	4494.0	4.0
-1918	4267.0	2.0
-1917	4227.0	2.0
-1916	4288.0	1.0
-1915	4311.0	2.0
-1914	4353.0	4.0
-1913	4300.0	2.0
-1912	4250.0	5.0
-1911	4076.0	4.0
-1910	3908.0	4.0
-1909	3869.0	6.0
-1908	3993.0	4.0
-1907	3858.0	2.0
-1906	3981.0	2.0
-1905	4130.0	3.0
-1904	4154.0	6.0
-1903	3952.0	1.0
-1902	4159.0	1.0
-1901	4002.0	2.0
-1900	3910.0	1.0
-1899	4068.0	0.0
-1898	4346.0	1.0
-1897	4147.0	2.0
-1896	3896.0	2.0
-1895	4071.0	0.0
-1894	4099.0	2.0
-1893	3990.0	3.0
-1892	4046.0	1.0
-1891	3938.0	4.0
-1890	3839.0	3.0
-1889	3693.0	2.0
-1888	3598.0	1.0
-1887	3332.0	5.0
-1886	3222.0	0.0
-1885	3134.0	5.0
-1884	3087.0	2.0
-1883	2915.0	3.0
-1882	2803.0	5.0
-1881	2686.0	2.0
-1880	2782.0	2.0
-1879	2755.0	4.0
-1878	2877.0	1.0
-1877	2756.0	1.0
-1876	2624.0	0.0
-1875	2779.0	2.0
-1874	2644.0	1.0
-1873	2553.0	0.0
-1872	2734.0	1.0
-1871	2723.0	2.0
-1870	2637.0	0.0
-1869	2724.0	1.0
-1868	2837.0	0.0
-1867	2868.0	3.0
-1866	2938.0	2.0
-1865	2993.0	1.0
-1864	2910.0	4.0
-1863	2871.0	2.0
-1862	3061.0	5.0
-1861	3389.0	2.0
-1860	3295.0	3.0
-1859	3339.0	4.0
-1858	3399.0	2.0
-1857	3482.0	2.0
-1856	3512.0	0.0
-1855	3449.0	2.0
-1854	3669.0	3.0
-1853	3703.0	5.0
-1852	3717.0	8.0
-1851	3830.0	7.0
-1850	3890.0	15.0
-1849	4125.0	10.0
-1848	4159.0	11.0
-1847	4338.0	19.0
-1846	4633.0	16.0
-1845	4663.0	22.0
-1844	4780.0	13.0
-1843	5002.0	16.0
-1842	5160.0	16.0
-1841	5124.0	29.0
-1840	4769.0	16.0
-1839	4694.0	14.0
-1838	4592.0	18.0
-1837	4405.0	8.0
-1836	4084.0	10.0
-1835	4164.0	14.0
-1834	4077.0	8.0
-1833	3953.0	11.0
-1832	3934.0	9.0
-1831	4180.0	14.0
-1830	4036.0	11.0
-1829	3976.0	6.0
-1828	3867.0	7.0
-1827	3858.0	2.0
-1826	3408.0	6.0
-1825	3195.0	11.0
-1824	3112.0	7.0
-1823	2884.0	16.0
-1822	2987.0	11.0
-1821	2921.0	14.0
-1820	2857.0	8.0
-1819	2736.0	9.0
-1818	2753.0	11.0
-1817	2710.0	10.0
-1816	2678.0	14.0
-1815	2733.0	7.0
-1814	2714.0	7.0
-1813	2744.0	12.0
-1812	2752.0	15.0
-1811	2781.0	27.0
-1810	2900.0	38.0
-1809	3194.0	11.0
-1808	2934.0	8.0
-1807	2948.0	6.0
-1806	2970.0	2.0
-1805	3057.0	5.0
-1804	3113.0	7.0
-1803	3076.0	3.0
-1802	3049.0	5.0
-1801	2959.0	8.0
-1800	2868.0	2.0
-1799	3086.0	2.0
-1798	3192.0	4.0
-1797	3240.0	1.0
-1796	3169.0	3.0
-1795	3338.0	3.0
-1794	3673.0	8.0
-1793	3803.0	0.0
-1792	3668.0	7.0
-1791	3777.0	6.0
-1790	3969.0	4.0
-1789	3875.0	8.0
-1788	3967.0	8.0
-1787	4115.0	11.0
-1786	3947.0	10.0
-1785	3996.0	12.0
-1784	3883.0	24.0
-1783	3734.0	8.0
-1782	3809.0	7.0
-1781	3937.0	7.0
-1780	3779.0	7.0
-1779	3969.0	5.0
-1778	3733.0	8.0
-1777	3729.0	1.0
-1776	3902.0	6.0
-1775	3853.0	8.0
-1774	3679.0	5.0
-1773	3663.0	6.0
-1772	3723.0	10.0
-1771	3553.0	5.0
-1770	3461.0	4.0
-1769	3703.0	9.0
-1768	3613.0	7.0
-1767	3577.0	4.0
-1766	3621.0	3.0
-1765	3745.0	12.0
-1764	3794.0	3.0
-1763	3844.0	8.0
-1762	4120.0	1.0
-1761	4168.0	2.0
-1760	4204.0	5.0
-1759	4209.0	2.0
-1758	4297.0	1.0
-1757	4339.0	3.0
-1756	4331.0	1.0
-1755	4359.0	3.0
-1754	4451.0	1.0
-1753	4478.0	3.0
-1752	4451.0	2.0
-1751	4322.0	2.0
-1750	4454.0	1.0
-1749	4350.0	8.0
-1748	4457.0	2.0
-1747	4705.0	6.0
-1746	4733.0	6.0
-1745	4752.0	4.0
-1744	4674.0	4.0
-1743	4585.0	3.0
-1742	4375.0	1.0
-1741	4473.0	2.0
-1740	4769.0	3.0
-1739	4762.0	0.0
-1738	4656.0	1.0
-1737	4578.0	4.0
-1736	4668.0	5.0
-1735	4773.0	1.0
-1734	4748.0	4.0
-1733	4869.0	6.0
-1732	4932.0	9.0
-1731	4852.0	12.0
-1730	4775.0	5.0
-1729	4756.0	5.0
-1728	4672.0	5.0
-1727	4558.0	7.0
-1726	4587.0	13.0
-1725	4427.0	13.0
-1724	4580.0	28.0
-1723	4466.0	16.0
-1722	4306.0	18.0
-1721	4314.0	11.0
-1720	4266.0	8.0
-1719	4263.0	0.0
-1718	4070.0	1.0
-1717	4114.0	0.0
-1716	4193.0	4.0
-1715	4055.0	15.0
-1714	4116.0	1.0
-1713	4362.0	8.0
-1712	4500.0	12.0
-1711	4338.0	2.0
-1710	4361.0	1.0
-1709	4804.0	5.0
-1708	4670.0	3.0
-1707	4709.0	4.0
-1706	4759.0	4.0
-1705	4681.0	0.0
-1704	4403.0	0.0
-1703	4545.0	8.0
-1702	4477.0	1.0
-1701	4164.0	1.0
-1700	4231.0	0.0
-1699	4118.0	1.0
-1698	4294.0	1.0
-1697	4309.0	1.0
-1696	4452.0	3.0
-1695	4346.0	0.0
-1694	4202.0	0.0
-1693	4195.0	2.0
-1692	4099.0	1.0
-1691	3878.0	3.0
-1690	3849.0	2.0
-1689	4001.0	4.0
-1688	3833.0	2.0
-1687	3659.0	2.0
-1686	3837.0	4.0
-1685	3848.0	3.0
-1684	4249.0	1.0
-1683	4574.0	3.0
-1682	4837.0	1.0
-1681	4887.0	1.0
-1680	4818.0	5.0
-1679	4616.0	4.0
-1678	4573.0	9.0
-1677	4813.0	4.0
-1676	4511.0	4.0
-1675	4495.0	2.0
-1674	4337.0	8.0
-1673	4429.0	6.0
-1672	4369.0	8.0
-1671	4360.0	4.0
-1670	4254.0	5.0
-1669	4229.0	8.0
-1668	4323.0	12.0
-1667	4425.0	11.0
-1666	4731.0	6.0
-1665	4969.0	6.0
-1664	5332.0	5.0
-1663	5596.0	7.0
-1662	5586.0	11.0
-1661	5695.0	11.0
-1660	5884.0	10.0
-1659	5709.0	22.0
-1658	5873.0	8.0
-1657	5832.0	5.0
-1656	5446.0	7.0
-1655	5386.0	4.0
-1654	5358.0	5.0
-1653	5718.0	0.0
-1652	5717.0	3.0
-1651	5499.0	5.0
-1650	5288.0	2.0
-1649	5142.0	1.0
-1648	4860.0	4.0
-1647	4701.0	2.0
-1646	4729.0	3.0
-1645	4601.0	6.0
-1644	4275.0	3.0
-1643	4346.0	12.0
-1642	4433.0	6.0
-1641	4232.0	5.0
-1640	4208.0	20.0
-1639	4415.0	2.0
-1638	4155.0	11.0
-1637	3943.0	5.0
-1636	3714.0	4.0
-1635	3532.0	6.0
-1634	3515.0	5.0
-1633	3508.0	7.0
-1632	3427.0	5.0
-1631	3479.0	2.0
-1630	3634.0	2.0
-1629	3590.0	2.0
-1628	3737.0	4.0
-1627	3874.0	4.0
-1626	3984.0	4.0
-1625	4125.0	4.0
-1624	4241.0	4.0
-1623	4316.0	1.0
-1622	4170.0	5.0
-1621	4201.0	2.0
-1620	4254.0	2.0
-1619	4219.0	1.0
-1618	4374.0	0.0
-1617	4297.0	1.0
-1616	4419.0	2.0
-1615	4451.0	1.0
-1614	4694.0	4.0
-1613	4963.0	4.0
-1612	4844.0	2.0
-1611	5014.0	1.0
-1610	5414.0	1.0
-1609	5215.0	0.0
-1608	5514.0	3.0
-1607	5707.0	2.0
-1606	5651.0	0.0
-1605	5479.0	2.0
-1604	5475.0	0.0
-1603	5135.0	2.0
-1602	4979.0	3.0
-1601	4738.0	3.0
-1600	4628.0	4.0
-1599	4524.0	2.0
-1598	4356.0	0.0
-1597	4361.0	1.0
-1596	4168.0	0.0
-1595	4178.0	2.0
-1594	3918.0	2.0
-1593	3679.0	1.0
-1592	3489.0	0.0
-1591	3465.0	3.0
-1590	3317.0	0.0
-1589	2970.0	0.0
-1588	2994.0	2.0
-1587	3056.0	1.0
-1586	2906.0	1.0
-1585	2812.0	3.0
-1584	2857.0	3.0
-1583	2863.0	2.0
-1582	2963.0	4.0
-1581	2861.0	4.0
-1580	2956.0	5.0
-1579	3085.0	7.0
-1578	3107.0	9.0
-1577	3122.0	6.0
-1576	3361.0	6.0
-1575	3409.0	11.0
-1574	3330.0	12.0
-1573	3610.0	8.0
-1572	3658.0	9.0
-1571	3690.0	8.0
-1570	3790.0	4.0
-1569	3859.0	7.0
-1568	3873.0	14.0
-1567	3827.0	10.0
-1566	3874.0	4.0
-1565	3821.0	8.0
-1564	3916.0	19.0
-1563	3870.0	11.0
-1562	3924.0	14.0
-1561	4101.0	9.0
-1560	4258.0	13.0
-1559	4429.0	8.0
-1558	4650.0	7.0
-1557	5130.0	7.0
-1556	5203.0	7.0
-1555	5165.0	5.0
-1554	5282.0	6.0
-1553	5428.0	9.0
-1552	5455.0	9.0
-1551	5484.0	9.0
-1550	5668.0	11.0
-1549	5685.0	16.0
-1548	5848.0	10.0
-1547	6073.0	10.0
-1546	6081.0	18.0
-1545	6153.0	14.0
-1544	6166.0	9.0
-1543	6078.0	13.0
-1542	6157.0	11.0
-1541	6348.0	7.0
-1540	6034.0	5.0
-1539	5805.0	3.0
-1538	5970.0	10.0
-1537	5931.0	8.0
-1536	5843.0	13.0
-1535	5719.0	19.0
-1534	5637.0	18.0
-1533	5473.0	20.0
-1532	5332.0	15.0
-1531	5349.0	15.0
-1530	5139.0	18.0
-1529	5261.0	14.0
-1528	5383.0	5.0
-1527	5437.0	8.0
-1526	5470.0	17.0
-1525	5637.0	12.0
-1524	5680.0	8.0
-1523	5544.0	7.0
-1522	5603.0	9.0
-1521	5467.0	12.0
-1520	5208.0	3.0
-1519	5216.0	11.0
-1518	4987.0	10.0
-1517	4917.0	6.0
-1516	4698.0	11.0
-1515	4577.0	8.0
-1514	4321.0	13.0
-1513	4459.0	15.0
-1512	4377.0	8.0
-1511	4314.0	13.0
-1510	4320.0	7.0
-1509	4277.0	6.0
-1508	4384.0	13.0
-1507	4179.0	15.0
-1506	4200.0	7.0
-1505	4068.0	8.0
-1504	4259.0	18.0
-1503	4076.0	11.0
-1502	4124.0	11.0
-1501	4218.0	4.0
-1500	3964.0	1.0
-1499	4021.0	1.0
-1498	3961.0	2.0
-1497	3883.0	5.0
-1496	3828.0	2.0
-1495	3812.0	4.0
-1494	3777.0	3.0
-1493	3758.0	4.0
-1492	3596.0	1.0
-1491	3507.0	5.0
-1490	3442.0	3.0
-1489	3248.0	3.0
-1488	3204.0	7.0
-1487	3077.0	7.0
-1486	2946.0	8.0
-1485	2736.0	9.0
-1484	2743.0	6.0
-1483	2620.0	6.0
-1482	2531.0	10.0
-1481	2437.0	8.0
-1480	2712.0	9.0
-1479	2830.0	7.0
-1478	2781.0	8.0
-1477	2828.0	6.0
-1476	2784.0	10.0
-1475	2750.0	8.0
-1474	2781.0	7.0
-1473	2966.0	11.0
-1472	2905.0	19.0
-1471	3008.0	11.0
-1470	3140.0	3.0
-1469	3168.0	8.0
-1468	3121.0	4.0
-1467	3169.0	7.0
-1466	3269.0	5.0
-1465	3285.0	5.0
-1464	3393.0	6.0
-1463	3334.0	2.0
-1462	3498.0	3.0
-1461	3386.0	6.0
-1460	3436.0	12.0
-1459	3558.0	4.0
-1458	3573.0	3.0
-1457	3614.0	3.0
-1456	3763.0	7.0
-1455	3895.0	8.0
-1454	3969.0	9.0
-1453	3776.0	6.0
-1452	3710.0	9.0
-1451	3651.0	4.0
-1450	3555.0	6.0
-1449	3456.0	7.0
-1448	3330.0	7.0
-1447	3297.0	16.0
-1446	3090.0	15.0
-1445	3251.0	11.0
-1444	3392.0	4.0
-1443	3627.0	2.0
-1442	3967.0	8.0
-1441	3928.0	8.0
-1440	4069.0	7.0
-1439	4245.0	7.0
-1438	4260.0	10.0
-1437	4244.0	2.0
-1436	4482.0	3.0
-1435	4726.0	5.0
-1434	4502.0	4.0
-1433	4503.0	4.0
-1432	4560.0	4.0
-1431	4597.0	8.0
-1430	4408.0	6.0
-1429	4530.0	8.0
-1428	4832.0	9.0
-1427	4956.0	9.0
-1426	4939.0	6.0
-1425	5074.0	8.0
-1424	4972.0	7.0
-1423	4935.0	6.0
-1422	5056.0	9.0
-1421	4999.0	3.0
-1420	4959.0	5.0
-1419	4785.0	9.0
-1418	4590.0	1.0
-1417	4608.0	7.0
-1416	4644.0	10.0
-1415	4580.0	17.0
-1414	4382.0	12.0
-1413	4585.0	21.0
-1412	4547.0	17.0
-1411	4479.0	14.0
-1410	4453.0	13.0
-1409	4477.0	10.0
-1408	4226.0	8.0
-1407	3902.0	5.0
-1406	3870.0	5.0
-1405	3665.0	4.0
-1404	3582.0	5.0
-1403	3414.0	3.0
-1402	3493.0	8.0
-1401	3446.0	3.0
-1400	3232.0	6.0
-1399	3463.0	14.0
-1398	3404.0	6.0
-1397	3421.0	19.0
-1396	3265.0	21.0
-1395	3438.0	24.0
-1394	3429.0	15.0
-1393	3465.0	16.0
-1392	3286.0	23.0
-1391	3359.0	21.0
-1390	3390.0	19.0
-1389	3465.0	21.0
-1388	3546.0	16.0
-1387	3516.0	13.0
-1386	3577.0	15.0
-1385	3643.0	17.0
-1384	3804.0	12.0
-1383	3882.0	4.0
-1382	4097.0	5.0
-1381	4305.0	5.0
-1380	4145.0	7.0
-1379	4227.0	7.0
-1378	4313.0	4.0
-1377	4408.0	3.0
-1376	4461.0	1.0
-1375	4386.0	4.0
-1374	4272.0	3.0
-1373	4357.0	4.0
-1372	4232.0	2.0
-1371	4335.0	2.0
-1370	4163.0	0.0
-1369	4217.0	2.0
-1368	4176.0	1.0
-1367	4254.0	8.0
-1366	4152.0	1.0
-1365	4210.0	8.0
-1364	4249.0	2.0
-1363	4275.0	4.0
-1362	4323.0	3.0
-1361	4161.0	4.0
-1360	4322.0	3.0
-1359	4561.0	4.0
-1358	4362.0	4.0
-1357	4347.0	3.0
-1356	4422.0	5.0
-1355	4434.0	13.0
-1354	4359.0	3.0
-1353	4480.0	2.0
-1352	4508.0	2.0
-1351	4544.0	3.0
-1350	4742.0	2.0
-1349	4626.0	4.0
-1348	4329.0	3.0
-1347	4519.0	2.0
-1346	4469.0	3.0
-1345	4373.0	3.0
-1344	4283.0	5.0
-1343	4292.0	7.0
-1342	4281.0	3.0
-1341	4248.0	4.0
-1340	4271.0	5.0
-1339	4156.0	9.0
-1338	4041.0	14.0
-1337	4332.0	13.0
-1336	4685.0	9.0
-1335	4660.0	9.0
-1334	4556.0	14.0
-1333	4726.0	11.0
-1332	4542.0	9.0
-1331	4701.0	14.0
-1330	4374.0	14.0
-1329	4454.0	16.0
-1328	4455.0	14.0
-1327	4551.0	13.0
-1326	4275.0	12.0
-1325	4399.0	19.0
-1324	4597.0	26.0
-1323	4481.0	18.0
-1322	4550.0	3.0
-1321	4629.0	11.0
-1320	4416.0	4.0
-1319	4625.0	10.0
-1318	4699.0	10.0
-1317	4858.0	9.0
-1316	5011.0	13.0
-1315	5329.0	9.0
-1314	5348.0	13.0
-1313	5339.0	9.0
-1312	5431.0	10.0
-1311	5739.0	16.0
-1310	5670.0	16.0
-1309	5525.0	21.0
-1308	5388.0	26.0
-1307	5312.0	25.0
-1306	5298.0	19.0
-1305	5200.0	35.0
-1304	5461.0	30.0
-1303	5571.0	35.0
-1302	5754.0	38.0
-1301	6147.0	58.0
-1300	6282.0	59.0
-1299	6654.0	64.0
-1298	6571.0	58.0
-1297	6695.0	54.0
-1296	6839.0	49.0
-1295	6910.0	57.0
-1294	7326.0	59.0
-1293	7771.0	52.0
-1292	8181.0	32.0
-1291	8411.0	25.0
-1290	8776.0	26.0
-1289	9107.0	37.0
-1288	9303.0	35.0
-1287	9369.0	20.0
-1286	9254.0	10.0
-1285	9579.0	19.0
-1284	10031.0	28.0
-1283	10478.0	26.0
-1282	10764.0	37.0
-1281	10937.0	19.0
-1280	10800.0	24.0
-1279	11347.0	45.0
-1278	11553.0	48.0
-1277	11868.0	32.0
-1276	12119.0	27.0
-1275	12306.0	67.0
-1274	12333.0	15.0
-1273	12198.0	26.0
-1272	12430.0	47.0
-1271	12107.0	84.0
-1270	11826.0	59.0
-1269	12070.0	166.0
-1268	12191.0	99.0
-1267	12099.0	101.0
-1266	12081.0	83.0
-1265	11872.0	140.0
-1264	11811.0	148.0
-1263	11692.0	157.0
-1262	11493.0	87.0
-1261	11395.0	78.0
-1260	11426.0	96.0
-1259	11372.0	136.0
-1258	11238.0	135.0
-1257	11638.0	75.0
-1256	11282.0	72.0
-1255	11067.0	45.0
-1254	11167.0	55.0
-1253	11196.0	60.0
-1252	11304.0	28.0
-1251	11269.0	25.0
-1250	11039.0	11.0
-1249	10933.0	8.0
-1248	10605.0	11.0
-1247	10145.0	10.0
-1246	10017.0	36.0
-1245	9886.0	20.0
-1244	10014.0	9.0
-1243	9705.0	8.0
-1242	9671.0	24.0
-1241	9836.0	16.0
-1240	9685.0	20.0
-1239	9622.0	19.0
-1238	9859.0	9.0
-1237	10077.0	24.0
-1236	9882.0	21.0
-1235	9800.0	52.0
-1234	9806.0	51.0
-1233	9620.0	78.0
-1232	9354.0	101.0
-1231	9180.0	59.0
-1230	8833.0	60.0
-1229	8557.0	167.0
-1228	8246.0	129.0
-1227	8017.0	178.0
-1226	7849.0	147.0
-1225	7473.0	67.0
-1224	6993.0	65.0
-1223	6775.0	80.0
-1222	6769.0	77.0
-1221	6627.0	25.0
-1220	6409.0	14.0
-1219	6401.0	9.0
-1218	6228.0	8.0
-1217	5788.0	2.0
-1216	5477.0	8.0
-1215	5520.0	20.0
-1214	5489.0	9.0
-1213	5185.0	13.0
-1212	5120.0	7.0
-1211	5210.0	15.0
-1210	4979.0	19.0
-1209	5011.0	17.0
-1208	4708.0	8.0
-1207	4661.0	13.0
-1206	4714.0	12.0
-1205	4512.0	8.0
-1204	4611.0	5.0
-1203	4747.0	7.0
-1202	4507.0	11.0
-1201	4431.0	4.0
-1200	4447.0	10.0
-1199	4244.0	4.0
-1198	4142.0	6.0
-1197	4028.0	5.0
-1196	4250.0	7.0
-1195	4155.0	8.0
-1194	3992.0	9.0
-1193	4273.0	8.0
-1192	4367.0	6.0
-1191	4473.0	15.0
-1190	4423.0	1.0
-1189	4579.0	2.0
-1188	4512.0	4.0
-1187	4380.0	3.0
-1186	4212.0	2.0
-1185	4225.0	4.0
-1184	4515.0	6.0
-1183	4535.0	9.0
-1182	4589.0	5.0
-1181	4910.0	5.0
-1180	4805.0	6.0
-1179	4719.0	3.0
-1178	4566.0	1.0
-1177	4854.0	1.0
-1176	4990.0	1.0
-1175	5015.0	2.0
-1174	5184.0	3.0
-1173	5279.0	4.0
-1172	4944.0	7.0
-1171	5083.0	6.0
-1170	5277.0	4.0
-1169	5220.0	5.0
-1168	5430.0	7.0
-1167	5396.0	6.0
-1166	5591.0	4.0
-1165	5629.0	0.0
-1164	5938.0	3.0
-1163	6157.0	4.0
-1162	6044.0	6.0
-1161	6115.0	1.0
-1160	5805.0	1.0
-1159	5718.0	0.0
-1158	5545.0	6.0
-1157	5572.0	3.0
-1156	5437.0	7.0
-1155	5161.0	9.0
-1154	5015.0	11.0
-1153	5008.0	8.0
-1152	4820.0	11.0
-1151	4755.0	10.0
-1150	4510.0	8.0
-1149	4532.0	14.0
-1148	4444.0	14.0
-1147	4286.0	13.0
-1146	4201.0	8.0
-1145	4156.0	5.0
-1144	4184.0	11.0
-1143	4276.0	6.0
-1142	4269.0	10.0
-1141	3903.0	11.0
-1140	3965.0	20.0
-1139	3929.0	11.0
-1138	3891.0	10.0
-1137	3622.0	3.0
-1136	3660.0	9.0
-1135	3909.0	4.0
-1134	3761.0	9.0
-1133	3675.0	12.0
-1132	3593.0	11.0
-1131	3459.0	13.0
-1130	3368.0	17.0
-1129	3365.0	6.0
-1128	3489.0	5.0
-1127	3577.0	9.0
-1126	3442.0	6.0
-1125	3379.0	6.0
-1124	3472.0	5.0
-1123	3308.0	6.0
-1122	3432.0	4.0
-1121	3389.0	4.0
-1120	3451.0	19.0
-1119	3553.0	3.0
-1118	3407.0	4.0
-1117	3304.0	8.0
-1116	3425.0	7.0
-1115	3452.0	10.0
-1114	3453.0	2.0
-1113	3836.0	2.0
-1112	3632.0	6.0
-1111	3966.0	5.0
-1110	4120.0	8.0
-1109	4029.0	4.0
-1108	4107.0	4.0
-1107	4198.0	2.0
-1106	4234.0	6.0
-1105	4173.0	4.0
-1104	4218.0	3.0
-1103	4013.0	2.0
-1102	4103.0	11.0
-1101	4197.0	1.0
-1100	4183.0	3.0
-1099	4161.0	6.0
-1098	4168.0	5.0
-1097	4118.0	4.0
-1096	4081.0	6.0
-1095	3978.0	7.0
-1094	3933.0	4.0
-1093	3943.0	3.0
-1092	3817.0	1.0
-1091	3775.0	4.0
-1090	3574.0	3.0
-1089	3788.0	5.0
-1088	3765.0	6.0
-1087	3614.0	1.0
-1086	3459.0	1.0
-1085	3253.0	6.0
-1084	3263.0	2.0
-1083	3401.0	1.0
-1082	3304.0	5.0
-1081	3227.0	5.0
-1080	3243.0	5.0
-1079	3174.0	2.0
-1078	3154.0	5.0
-1077	3111.0	2.0
-1076	3218.0	3.0
-1075	3292.0	2.0
-1074	3425.0	4.0
-1073	3484.0	2.0
-1072	3594.0	4.0
-1071	3636.0	5.0
-1070	3431.0	3.0
-1069	3368.0	4.0
-1068	3263.0	6.0
-1067	3340.0	4.0
-1066	3416.0	1.0
-1065	3448.0	8.0
-1064	3485.0	3.0
-1063	3552.0	6.0
-1062	3779.0	3.0
-1061	3778.0	5.0
-1060	4016.0	5.0
-1059	3897.0	4.0
-1058	4067.0	5.0
-1057	4177.0	5.0
-1056	4342.0	7.0
-1055	4587.0	9.0
-1054	4809.0	11.0
-1053	4837.0	10.0
-1052	5062.0	10.0
-1051	5266.0	5.0
-1050	5442.0	8.0
-1049	5664.0	4.0
-1048	5470.0	3.0
-1047	5441.0	2.0
-1046	5526.0	3.0
-1045	5502.0	3.0
-1044	5570.0	6.0
-1043	5666.0	7.0
-1042	5575.0	5.0
-1041	5602.0	5.0
-1040	5589.0	3.0
-1039	5839.0	6.0
-1038	6013.0	3.0
-1037	5957.0	7.0
-1036	6290.0	5.0
-1035	6164.0	5.0
-1034	6683.0	6.0
-1033	6852.0	9.0
-1032	7355.0	10.0
-1031	7950.0	7.0
-1030	8416.0	7.0
-1029	8580.0	11.0
-1028	8813.0	13.0
-1027	9076.0	13.0
-1026	9634.0	13.0
-1025	10326.0	18.0
-1024	10237.0	10.0
-1023	10015.0	13.0
-1022	9971.0	21.0
-1021	10554.0	15.0
-1020	11030.0	17.0
-1019	11298.0	18.0
-1018	11475.0	23.0
-1017	11812.0	19.0
-1016	12457.0	14.0
-1015	12952.0	16.0
-1014	13111.0	19.0
-1013	13426.0	18.0
-1012	13505.0	14.0
-1011	13575.0	11.0
-1010	14160.0	7.0
-1009	14450.0	4.0
-1008	14646.0	3.0
-1007	14474.0	5.0
-1006	14427.0	6.0
-1005	14496.0	5.0
-1004	14485.0	4.0
-1003	14489.0	9.0
-1002	14479.0	6.0
-1001	14590.0	10.0
-1000	14132.0	9.0
-999	13899.0	7.0
-998	13690.0	16.0
-997	13388.0	12.0
-996	13274.0	16.0
-995	13227.0	11.0
-994	12968.0	5.0
-993	12981.0	7.0
-992	12828.0	17.0
-991	12662.0	16.0
-990	12400.0	19.0
-989	11814.0	21.0
-988	11528.0	20.0
-987	11392.0	25.0
-986	11376.0	15.0
-985	10982.0	16.0
-984	11226.0	9.0
-983	11005.0	10.0
-982	10436.0	15.0
-981	10404.0	18.0
-980	10254.0	22.0
-979	10364.0	21.0
-978	10345.0	22.0
-977	10577.0	18.0
-976	10765.0	22.0
-975	10282.0	15.0
-974	10255.0	21.0
-973	10286.0	20.0
-972	10187.0	16.0
-971	10375.0	31.0
-970	10376.0	29.0
-969	10483.0	11.0
-968	10393.0	18.0
-967	10336.0	16.0
-966	10085.0	26.0
-965	10014.0	23.0
-964	10065.0	18.0
-963	9768.0	16.0
-962	9861.0	24.0
-961	9586.0	16.0
-960	9682.0	8.0
-959	9934.0	20.0
-958	9880.0	22.0
-957	9835.0	18.0
-956	10048.0	23.0
-955	10003.0	24.0
-954	9760.0	41.0
-953	9826.0	18.0
-952	9438.0	16.0
-951	9139.0	13.0
-950	8940.0	26.0
-949	9049.0	20.0
-948	8909.0	16.0
-947	8726.0	16.0
-946	9039.0	22.0
-945	8897.0	13.0
-944	8846.0	13.0
-943	8971.0	7.0
-942	9206.0	7.0
-941	8817.0	19.0
-940	8741.0	15.0
-939	8864.0	18.0
-938	8686.0	21.0
-937	8803.0	11.0
-936	8792.0	14.0
-935	8137.0	13.0
-934	8104.0	6.0
-933	8197.0	17.0
-932	8178.0	6.0
-931	8071.0	18.0
-930	8250.0	10.0
-929	8602.0	8.0
-928	8282.0	11.0
-927	8238.0	7.0
-926	8103.0	17.0
-925	8304.0	8.0
-924	8604.0	6.0
-923	8463.0	12.0
-922	8888.0	12.0
-921	8689.0	5.0
-920	8463.0	7.0
-919	8425.0	7.0
-918	8642.0	10.0
-917	8828.0	6.0
-916	8724.0	9.0
-915	8721.0	10.0
-914	8734.0	13.0
-913	8293.0	10.0
-912	8252.0	8.0
-911	8229.0	4.0
-910	8252.0	6.0
-909	8279.0	5.0
-908	8373.0	9.0
-907	8838.0	4.0
-906	8973.0	6.0
-905	8983.0	6.0
-904	8888.0	3.0
-903	8973.0	3.0
-902	8884.0	8.0
-901	8966.0	4.0
-900	8876.0	5.0
-899	9103.0	3.0
-898	9015.0	5.0
-897	9166.0	8.0
-896	9068.0	8.0
-895	8954.0	1.0
-894	8756.0	8.0
-893	8933.0	10.0
-892	9050.0	5.0
-891	9205.0	5.0
-890	9079.0	19.0
-889	8932.0	3.0
-888	9141.0	9.0
-887	9092.0	7.0
-886	9087.0	10.0
-885	9422.0	12.0
-884	9477.0	5.0
-883	9052.0	6.0
-882	9154.0	7.0
-881	9710.0	9.0
-880	10102.0	9.0
-879	10246.0	14.0
-878	10561.0	21.0
-877	10747.0	5.0
-876	10712.0	12.0
-875	10722.0	11.0
-874	10895.0	8.0
-873	11020.0	7.0
-872	11125.0	5.0
-871	11639.0	6.0
-870	12072.0	9.0
-869	11914.0	6.0
-868	11648.0	7.0
-867	11384.0	10.0
-866	11655.0	4.0
-865	11911.0	11.0
-864	11802.0	2.0
-863	12504.0	3.0
-862	12749.0	3.0
-861	12953.0	7.0
-860	12695.0	5.0
-859	12748.0	2.0
-858	13540.0	2.0
-857	13729.0	3.0
-856	14088.0	5.0
-855	13878.0	7.0
-854	14083.0	5.0
-853	13898.0	3.0
-852	13252.0	11.0
-851	13244.0	9.0
-850	13272.0	9.0
-849	13745.0	8.0
-848	13627.0	11.0
-847	13692.0	5.0
-846	13740.0	3.0
-845	13660.0	5.0
-844	13531.0	1.0
-843	13397.0	1.0
-842	13577.0	5.0
-841	13328.0	4.0
-840	13130.0	1.0
-839	12891.0	5.0
-838	12845.0	3.0
-837	12505.0	7.0
-836	12298.0	9.0
-835	12036.0	8.0
-834	11708.0	16.0
-833	11463.0	19.0
-832	11224.0	21.0
-831	10896.0	11.0
-830	10525.0	13.0
-829	10695.0	24.0
-828	10494.0	14.0
-827	10369.0	16.0
-826	10530.0	12.0
-825	10522.0	16.0
-824	10481.0	7.0
-823	10533.0	6.0
-822	10474.0	9.0
-821	10439.0	13.0
-820	10420.0	11.0
-819	10467.0	11.0
-818	10197.0	16.0
-817	10556.0	13.0
-816	10174.0	9.0
-815	9801.0	12.0
-814	9587.0	11.0
-813	9579.0	9.0
-812	9582.0	6.0
-811	9417.0	3.0
-810	9285.0	4.0
-809	9363.0	3.0
-808	9566.0	11.0
-807	9900.0	4.0
-806	10214.0	6.0
-805	10198.0	9.0
-804	10055.0	3.0
-803	9967.0	5.0
-802	9903.0	12.0
-801	9942.0	10.0
-800	9738.0	25.0
-799	9410.0	8.0
-798	9244.0	5.0
-797	9283.0	6.0
-796	9241.0	2.0
-795	9232.0	1.0
-794	9261.0	5.0
-793	9087.0	15.0
-792	9031.0	10.0
-791	9180.0	5.0
-790	9187.0	10.0
-789	9384.0	15.0
-788	9528.0	15.0
-787	9677.0	13.0
-786	9430.0	12.0
-785	9605.0	15.0
-784	9462.0	18.0
-783	9304.0	16.0
-782	9265.0	8.0
-781	8904.0	5.0
-780	8806.0	3.0
-779	9101.0	5.0
-778	9434.0	1.0
-777	9208.0	0.0
-776	8826.0	0.0
-775	8961.0	1.0
-774	9405.0	3.0
-773	9553.0	0.0
-772	9306.0	1.0
-771	9622.0	3.0
-770	9867.0	2.0
-769	9827.0	2.0
-768	10127.0	2.0
-767	10215.0	4.0
-766	10438.0	3.0
-765	10533.0	5.0
-764	10729.0	4.0
-763	11022.0	10.0
-762	11541.0	2.0
-761	11642.0	6.0
-760	12068.0	3.0
-759	12637.0	15.0
-758	13062.0	9.0
-757	13746.0	7.0
-756	13778.0	4.0
-755	14414.0	6.0
-754	14667.0	6.0
-753	15080.0	7.0
-752	15932.0	10.0
-751	16427.0	9.0
-750	16640.0	5.0
-749	16691.0	8.0
-748	17379.0	13.0
-747	17415.0	8.0
-746	17609.0	6.0
-745	18024.0	8.0
-744	18411.0	9.0
-743	18714.0	6.0
-742	18692.0	8.0
-741	18614.0	14.0
-740	18730.0	20.0
-739	18230.0	12.0
-738	17477.0	13.0
-737	17624.0	13.0
-736	17906.0	14.0
-735	17510.0	26.0
-734	17357.0	23.0
-733	17344.0	22.0
-732	16667.0	13.0
-731	16158.0	20.0
-730	15852.0	26.0
-729	15291.0	21.0
-728	14838.0	34.0
-727	14575.0	30.0
-726	14154.0	24.0
-725	14132.0	22.0
-724	13633.0	30.0
-723	13453.0	28.0
-722	13221.0	23.0
-721	12788.0	14.0
-720	12035.0	9.0
-719	11689.0	22.0
-718	11551.0	25.0
-717	11046.0	26.0
-716	10753.0	19.0
-715	10302.0	23.0
-714	10030.0	35.0
-713	9977.0	26.0
-712	9967.0	30.0
-711	10262.0	14.0
-710	11112.0	28.0
-709	10959.0	7.0
-708	10518.0	8.0
-707	10684.0	11.0
-706	10859.0	14.0
-705	11306.0	21.0
-704	11146.0	13.0
-703	11579.0	15.0
-702	11985.0	12.0
-701	12330.0	15.0
-700	12844.0	24.0
-699	13689.0	8.0
-698	14186.0	4.0
-697	14521.0	6.0
-696	14504.0	11.0
-695	15084.0	4.0
-694	15499.0	8.0
-693	15380.0	5.0
-692	15210.0	2.0
-691	15213.0	1.0
-690	14800.0	3.0
-689	14783.0	3.0
-688	15538.0	5.0
-687	15706.0	1.0
-686	15791.0	2.0
-685	15824.0	4.0
-684	15933.0	7.0
-683	15818.0	13.0
-682	15594.0	6.0
-681	15627.0	6.0
-680	15475.0	11.0
-679	15287.0	7.0
-678	14818.0	9.0
-677	14331.0	9.0
-676	14573.0	6.0
-675	14577.0	6.0
-674	14137.0	8.0
-673	14126.0	15.0
-672	13879.0	10.0
-671	13878.0	7.0
-670	13902.0	1.0
-669	13546.0	6.0
-668	13587.0	3.0
-667	12939.0	3.0
-666	12818.0	8.0
-665	12665.0	12.0
-664	12547.0	6.0
-663	12286.0	12.0
-662	12146.0	0.0
-661	12231.0	3.0
-660	12077.0	3.0
-659	11886.0	4.0
-658	12202.0	3.0
-657	12409.0	3.0
-656	12735.0	3.0
-655	12935.0	4.0
-654	12955.0	2.0
-653	12489.0	3.0
-652	12355.0	3.0
-651	12388.0	2.0
-650	12332.0	0.0
-649	12249.0	2.0
-648	11994.0	0.0
-647	11632.0	0.0
-646	11166.0	1.0
-645	11231.0	2.0
-644	11003.0	4.0
-643	10696.0	5.0
-642	10758.0	5.0
-641	10759.0	1.0
-640	10410.0	3.0
-639	10347.0	2.0
-638	10149.0	2.0
-637	10112.0	4.0
-636	10089.0	5.0
-635	10312.0	8.0
-634	10281.0	5.0
-633	10110.0	4.0
-632	9802.0	6.0
-631	9951.0	4.0
-630	9937.0	2.0
-629	10009.0	2.0
-628	10092.0	7.0
-627	10359.0	4.0
-626	10593.0	6.0
-625	10534.0	6.0
-624	10435.0	6.0
-623	10554.0	4.0
-622	10562.0	3.0
-621	11116.0	16.0
-620	11175.0	5.0
-619	11590.0	9.0
-618	12023.0	2.0
-617	11864.0	1.0
-616	11831.0	4.0
-615	11700.0	1.0
-614	12124.0	6.0
-613	11937.0	2.0
-612	11873.0	1.0
-611	11876.0	4.0
-610	11870.0	8.0
-609	11962.0	1.0
-608	12010.0	5.0
-607	11880.0	4.0
-606	12661.0	7.0
-605	12959.0	10.0
-604	13035.0	11.0
-603	13306.0	9.0
-602	13397.0	6.0
-601	13006.0	11.0
-600	12906.0	4.0
-599	12724.0	6.0
-598	12849.0	14.0
-597	12621.0	19.0
-596	12566.0	13.0
-595	12672.0	16.0
-594	12767.0	12.0
-593	12559.0	11.0
-592	12886.0	15.0
-591	12543.0	10.0
-590	12418.0	12.0
-589	12070.0	12.0
-588	11277.0	10.0
-587	11280.0	12.0
-586	11326.0	7.0
-585	11571.0	8.0
-584	11850.0	14.0
-583	11816.0	14.0
-582	11731.0	11.0
-581	11528.0	11.0
-580	11143.0	17.0
-579	11031.0	11.0
-578	11434.0	14.0
-577	11262.0	14.0
-576	11114.0	18.0
-575	11058.0	19.0
-574	10891.0	17.0
-573	11052.0	14.0
-572	10867.0	12.0
-571	10958.0	22.0
-570	11231.0	22.0
-569	11604.0	20.0
-568	11142.0	22.0
-567	11022.0	21.0
-566	11432.0	21.0
-565	11228.0	18.0
-564	11507.0	22.0
-563	11540.0	16.0
-562	11660.0	25.0
-561	11451.0	23.0
-560	11155.0	35.0
-559	11331.0	27.0
-558	11523.0	24.0
-557	11740.0	29.0
-556	11443.0	25.0
-555	11213.0	37.0
-554	11251.0	28.0
-553	11578.0	29.0
-552	11394.0	29.0
-551	11781.0	21.0
-550	12265.0	11.0
-549	12430.0	12.0
-548	12749.0	23.0
-547	12693.0	19.0
-546	12928.0	26.0
-545	12919.0	12.0
-544	12904.0	3.0
-543	13283.0	13.0
-542	13697.0	5.0
-541	13402.0	10.0
-540	13442.0	12.0
-539	13626.0	8.0
-538	13875.0	17.0
-537	13934.0	14.0
-536	14253.0	15.0
-535	15012.0	19.0
-534	15090.0	19.0
-533	15089.0	35.0
-532	15649.0	18.0
-531	15691.0	31.0
-530	16129.0	30.0
-529	16220.0	31.0
-528	16464.0	17.0
-527	16681.0	21.0
-526	17121.0	24.0
-525	17129.0	31.0
-524	17145.0	27.0
-523	17196.0	24.0
-522	17315.0	27.0
-521	18125.0	32.0
-520	17878.0	35.0
-519	17964.0	27.0
-518	17695.0	27.0
-517	17811.0	15.0
-516	17877.0	26.0
-515	17371.0	29.0
-514	17205.0	32.0
-513	17076.0	30.0
-512	16764.0	32.0
-511	17162.0	29.0
-510	17020.0	23.0
-509	16995.0	22.0
-508	17235.0	18.0
-507	16563.0	26.0
-506	16246.0	25.0
-505	16482.0	21.0
-504	16811.0	28.0
-503	16649.0	27.0
-502	16442.0	15.0
-501	16447.0	20.0
-500	17023.0	11.0
-499	16921.0	22.0
-498	17061.0	21.0
-497	17274.0	24.0
-496	16766.0	17.0
-495	16209.0	14.0
-494	16261.0	18.0
-493	15827.0	9.0
-492	15677.0	11.0
-491	15575.0	20.0
-490	15289.0	16.0
-489	15443.0	15.0
-488	15603.0	20.0
-487	15701.0	27.0
-486	15763.0	9.0
-485	15781.0	7.0
-484	15371.0	6.0
-483	15465.0	11.0
-482	15565.0	8.0
-481	15148.0	15.0
-480	15051.0	13.0
-479	14548.0	15.0
-478	14478.0	12.0
-477	14114.0	5.0
-476	13706.0	19.0
-475	14064.0	19.0
-474	13895.0	20.0
-473	13770.0	12.0
-472	13764.0	24.0
-471	13999.0	23.0
-470	13586.0	24.0
-469	13128.0	34.0
-468	13235.0	46.0
-467	12785.0	37.0
-466	12515.0	31.0
-465	11965.0	26.0
-464	11926.0	22.0
-463	11459.0	32.0
-462	11331.0	29.0
-461	11022.0	26.0
-460	11001.0	32.0
-459	11188.0	42.0
-458	10932.0	27.0
-457	10969.0	36.0
-456	10993.0	31.0
-455	10739.0	35.0
-454	10888.0	39.0
-453	10935.0	33.0
-452	11015.0	19.0
-451	10607.0	19.0
-450	10597.0	24.0
-449	10695.0	28.0
-448	10776.0	22.0
-447	10970.0	21.0
-446	11377.0	21.0
-445	11470.0	19.0
-444	11639.0	17.0
-443	11649.0	16.0
-442	11527.0	19.0
-441	12063.0	23.0
-440	12414.0	16.0
-439	12412.0	20.0
-438	12891.0	22.0
-437	13305.0	14.0
-436	13614.0	13.0
-435	13820.0	14.0
-434	14457.0	13.0
-433	14397.0	10.0
-432	14856.0	10.0
-431	15292.0	7.0
-430	15907.0	7.0
-429	16181.0	6.0
-428	16517.0	10.0
-427	16960.0	14.0
-426	17175.0	10.0
-425	17734.0	14.0
-424	17536.0	21.0
-423	17898.0	16.0
-422	18092.0	5.0
-421	18360.0	12.0
-420	19055.0	8.0
-419	19162.0	11.0
-418	19294.0	5.0
-417	19188.0	8.0
-416	19023.0	13.0
-415	19084.0	12.0
-414	19177.0	13.0
-413	19790.0	21.0
-412	19553.0	20.0
-411	19688.0	30.0
-410	19123.0	9.0
-409	19065.0	19.0
-408	19187.0	30.0
-407	19418.0	22.0
-406	19241.0	14.0
-405	18743.0	12.0
-404	19007.0	20.0
-403	18810.0	17.0
-402	19034.0	12.0
-401	18682.0	16.0
-400	18687.0	19.0
-399	18490.0	23.0
-398	18410.0	28.0
-397	18476.0	38.0
-396	18598.0	29.0
-395	19166.0	8.0
-394	18990.0	26.0
-393	18298.0	23.0
-392	18428.0	16.0
-391	18448.0	22.0
-390	18082.0	19.0
-389	18039.0	23.0
-388	18615.0	19.0
-387	18262.0	17.0
-386	18134.0	26.0
-385	17778.0	24.0
-384	17514.0	22.0
-383	17899.0	21.0
-382	17707.0	25.0
-381	17927.0	21.0
-380	17805.0	21.0
-379	18079.0	29.0
-378	18046.0	25.0
-377	17957.0	22.0
-376	18486.0	22.0
-375	18364.0	19.0
-374	17716.0	27.0
-373	17922.0	28.0
-372	17745.0	24.0
-371	17865.0	31.0
-370	17427.0	26.0
-369	16801.0	25.0
-368	16479.0	31.0
-367	16470.0	36.0
-366	16464.0	27.0
-365	17285.0	29.0
-364	17542.0	31.0
-363	17225.0	31.0
-362	17353.0	42.0
-361	18119.0	28.0
-360	17960.0	33.0
-359	17817.0	35.0
-358	17661.0	33.0
-357	18238.0	32.0
-356	17924.0	29.0
-355	17815.0	25.0
-354	18009.0	59.0
-353	18271.0	78.0
-352	18413.0	65.0
-351	19032.0	78.0
-350	18679.0	104.0
-349	18646.0	84.0
-348	18695.0	77.0
-347	19100.0	78.0
-346	19496.0	71.0
-345	19548.0	65.0
-344	19748.0	62.0
-343	19378.0	121.0
-342	19885.0	58.0
-341	20153.0	63.0
-340	20627.0	82.0
-339	20479.0	22.0
-338	20897.0	81.0
-337	21329.0	43.0
-336	21342.0	41.0
-335	21999.0	47.0
-334	21904.0	38.0
-333	21877.0	11.0
-332	22296.0	23.0
-331	21854.0	42.0
-330	21803.0	8.0
-329	21668.0	2.0
-328	21968.0	3.0
-327	21848.0	5.0
-326	21389.0	5.0
-325	21182.0	4.0
-324	21080.0	3.0
-323	21358.0	6.0
-322	21586.0	4.0
-321	21408.0	8.0
-320	21229.0	7.0
-319	20600.0	8.0
-318	20180.0	8.0
-317	19866.0	12.0
-316	19802.0	6.0
-315	19464.0	24.0
-314	18281.0	19.0
-313	17383.0	10.0
-312	17183.0	10.0
-311	16819.0	20.0
-310	16710.0	20.0
-309	16200.0	18.0
-308	16231.0	52.0
-307	16094.0	52.0
-306	15971.0	17.0
-305	15862.0	24.0
-304	15714.0	5.0
-303	15573.0	41.0
-302	14871.0	36.0
-301	14537.0	16.0
-300	14413.0	35.0
-299	14442.0	6.0
-298	14745.0	3.0
-297	14571.0	2.0
-296	14711.0	7.0
-295	14702.0	8.0
-294	14410.0	4.0
-293	14724.0	7.0
-292	14661.0	24.0
-291	15411.0	18.0
-290	15228.0	23.0
-289	15917.0	18.0
-288	16455.0	25.0
-287	17012.0	18.0
-286	17398.0	26.0
-285	17902.0	25.0
-284	18172.0	27.0
-283	18155.0	23.0
-282	18528.0	31.0
-281	18874.0	33.0
-280	19435.0	22.0
-279	19538.0	21.0
-278	19843.0	19.0
-277	20170.0	25.0
-276	20625.0	35.0
-275	21119.0	19.0
-274	21578.0	6.0
-273	21749.0	17.0
-272	21493.0	12.0
-271	21376.0	13.0
-270	21292.0	13.0
-269	21408.0	20.0
-268	22120.0	20.0
-267	21865.0	13.0
-266	22135.0	26.0
-265	21833.0	14.0
-264	21983.0	21.0
-263	21694.0	22.0
-262	21757.0	26.0
-261	21589.0	30.0
-260	21209.0	27.0
-259	20727.0	23.0
-258	20393.0	12.0
-257	19564.0	16.0
-256	18824.0	16.0
-255	18168.0	22.0
-254	18277.0	14.0
-253	18243.0	7.0
-252	17874.0	22.0
-251	18073.0	32.0
-250	17657.0	22.0
-249	17586.0	30.0
-248	17477.0	24.0
-247	17474.0	38.0
-246	17323.0	36.0
-245	17375.0	44.0
-244	17819.0	34.0
-243	17721.0	32.0
-242	17449.0	11.0
-241	17562.0	16.0
-240	17296.0	20.0
-239	17277.0	18.0
-238	17439.0	16.0
-237	17197.0	25.0
-236	17349.0	27.0
-235	17121.0	31.0
-234	16663.0	21.0
-233	16390.0	25.0
-232	16370.0	15.0
-231	16174.0	18.0
-230	15924.0	18.0
-229	15875.0	16.0
-228	15877.0	16.0
-227	15831.0	18.0
-226	15697.0	16.0
-225	15552.0	18.0
-224	15683.0	11.0
-223	15434.0	16.0
-222	15135.0	9.0
-221	14895.0	12.0
-220	14711.0	7.0
-219	14414.0	10.0
-218	14086.0	15.0
-217	13993.0	14.0
-216	14005.0	13.0
-215	13724.0	15.0
-214	13784.0	18.0
-213	13825.0	15.0
-212	13748.0	7.0
-211	13760.0	2.0
-210	13851.0	7.0
-209	14042.0	4.0
-208	14451.0	12.0
-207	14768.0	7.0
-206	15038.0	14.0
-205	15097.0	12.0
-204	15295.0	11.0
-203	15212.0	16.0
-202	15403.0	24.0
-201	15540.0	3.0
-200	15369.0	2.0
-199	15460.0	4.0
-198	15869.0	16.0
-197	16083.0	20.0
-196	16297.0	10.0
-195	16652.0	14.0
-194	17027.0	13.0
-193	17510.0	12.0
-192	17471.0	18.0
-191	18053.0	16.0
-190	17871.0	17.0
-189	17929.0	13.0
-188	17774.0	15.0
-187	17795.0	19.0
-186	18265.0	21.0
-185	18459.0	15.0
-184	18595.0	23.0
-183	18818.0	22.0
-182	18707.0	18.0
-181	18568.0	20.0
-180	18198.0	25.0
-179	18109.0	30.0
-178	17894.0	27.0
-177	17684.0	18.0
-176	18127.0	24.0
-175	17928.0	23.0
-174	17960.0	27.0
-173	17925.0	14.0
-172	18113.0	36.0
-171	18451.0	21.0
-170	18456.0	21.0
-169	18358.0	21.0
-168	18812.0	28.0
-167	19112.0	35.0
-166	19096.0	39.0
-165	18983.0	37.0
-164	18834.0	35.0
-163	18943.0	29.0
-162	19464.0	28.0
-161	19335.0	45.0
-160	19907.0	26.0
-159	20573.0	24.0
-158	20466.0	40.0
-157	20406.0	28.0
-156	20314.0	29.0
-155	20209.0	21.0
-154	19797.0	27.0
-153	19801.0	29.0
-152	19871.0	25.0
-151	19685.0	17.0
-150	19186.0	17.0
-149	18721.0	13.0
-148	18270.0	17.0
-147	18017.0	19.0
-146	17839.0	28.0
-145	17791.0	10.0
-144	17467.0	10.0
-143	17212.0	11.0
-142	16642.0	18.0
-141	16875.0	21.0
-140	17134.0	34.0
-139	17282.0	18.0
-138	17223.0	21.0
-137	17093.0	21.0
-136	16893.0	14.0
-135	16698.0	24.0
-134	16461.0	10.0
-133	16464.0	7.0
-132	16214.0	10.0
-131	15998.0	20.0
-130	16174.0	27.0
-129	16153.0	23.0
-128	16202.0	14.0
-127	16500.0	17.0
-126	16443.0	15.0
-125	16677.0	25.0
-124	16581.0	26.0
-123	16753.0	22.0
-122	17085.0	31.0
-121	16976.0	22.0
-120	16940.0	21.0
-119	17084.0	20.0
-118	17340.0	25.0
-117	17432.0	29.0
-116	17068.0	24.0
-115	17217.0	29.0
-114	17257.0	27.0
-113	17385.0	28.0
-112	17065.0	37.0
-111	17022.0	27.0
-110	17278.0	32.0
-109	17368.0	38.0
-108	16984.0	58.0
-107	16939.0	49.0
-106	17039.0	44.0
-105	16537.0	39.0
-104	16427.0	41.0
-103	16648.0	49.0
-102	17288.0	41.0
-101	17203.0	54.0
-100	17139.0	56.0
-99	16982.0	48.0
-98	17246.0	32.0
-97	17542.0	34.0
-96	18025.0	33.0
-95	18098.0	40.0
-94	18005.0	40.0
-93	18124.0	52.0
-92	17735.0	42.0
-91	17151.0	31.0
-90	16910.0	28.0
-89	17208.0	22.0
-88	17068.0	36.0
-87	17342.0	32.0
-86	17391.0	38.0
-85	17749.0	35.0
-84	18332.0	39.0
-83	18545.0	38.0
-82	18507.0	40.0
-81	19256.0	49.0
-80	19227.0	38.0
-79	19461.0	54.0
-78	19677.0	24.0
-77	19520.0	52.0
-76	19758.0	30.0
-75	19658.0	12.0
-74	19468.0	21.0
-73	19625.0	19.0
-72	19034.0	23.0
-71	18723.0	23.0
-70	19072.0	27.0
-69	18897.0	41.0
-68	19116.0	40.0
-67	19125.0	35.0
-66	19132.0	34.0
-65	19012.0	57.0
-64	19395.0	38.0
-63	19727.0	34.0
-62	20038.0	36.0
-61	20311.0	26.0
-60	21020.0	29.0
-59	21427.0	44.0
-58	21902.0	40.0
-57	22446.0	30.0
-56	22161.0	36.0
-55	22605.0	27.0
-54	22761.0	42.0
-53	23055.0	38.0
-52	23376.0	40.0
-51	23096.0	46.0
-50	23518.0	41.0
-49	23540.0	42.0
-48	23215.0	44.0
-47	23072.0	56.0
-46	22840.0	54.0
-45	23242.0	25.0
-44	23553.0	37.0
-43	23529.0	35.0
-42	23831.0	49.0
-41	24144.0	46.0
-40	24308.0	39.0
-39	24331.0	33.0
-38	24577.0	19.0
-37	25470.0	41.0
-36	25521.0	32.0
-35	26214.0	30.0
-34	26532.0	44.0
-33	26768.0	28.0
-32	27420.0	43.0
-31	28046.0	40.0
-30	28920.0	30.0
-29	29679.0	32.0
-28	30319.0	21.0
-27	31358.0	21.0
-26	32822.0	25.0
-25	34895.0	43.0
-24	36032.0	47.0
-23	37576.0	19.0
-22	39172.0	31.0
-21	40569.0	38.0
-20	42363.0	36.0
-19	44558.0	52.0
-18	46751.0	70.0
-17	49198.0	89.0
-16	51948.0	104.0
-15	54378.0	106.0
-14	56263.0	101.0
-13	58451.0	122.0
-12	61668.0	118.0
-11	64313.0	112.0
-10	67060.0	120.0
-9	70634.0	116.0
-8	74655.0	107.0
-7	79789.0	101.0
-6	83937.0	89.0
-5	88834.0	75.0
-4	94125.0	80.0
-3	99352.0	83.0
-2	106206.0	80.0
-1	118946.0	119.0
0	119220.0	87.0
1	95791.0	111.0
2	85630.0	137.0
3	79759.0	152.0
4	74708.0	141.0
5	70127.0	137.0
6	66112.0	183.0
7	61519.0	211.0
8	58142.0	237.0
9	55461.0	274.0
10	52813.0	343.0
11	50671.0	358.0
12	48358.0	389.0
13	46375.0	428.0
14	44234.0	496.0
15	42193.0	576.0
16	40027.0	585.0
17	37979.0	537.0
18	36322.0	578.0
19	34669.0	563.0
20	33003.0	669.0
21	31622.0	606.0
22	29948.0	551.0
23	28659.0	504.0
24	27237.0	416.0
25	26289.0	457.0
26	25614.0	409.0
27	24704.0	354.0
28	23251.0	358.0
29	22444.0	345.0
30	22375.0	295.0
31	21623.0	277.0
32	20640.0	234.0
33	20137.0	266.0
34	19836.0	242.0
35	19587.0	220.0
36	19284.0	237.0
37	18242.0	223.0
38	17820.0	162.0
39	17953.0	214.0
40	17684.0	212.0
41	17465.0	199.0
42	17253.0	229.0
43	16558.0	214.0
44	16748.0	194.0
45	16936.0	206.0
46	16788.0	188.0
47	17046.0	160.0
48	17160.0	174.0
49	17602.0	154.0
50	18423.0	149.0
51	18346.0	139.0
52	18253.0	122.0
53	18241.0	90.0
54	18435.0	96.0
55	19087.0	89.0
56	19373.0	73.0
57	19545.0	106.0
58	19172.0	121.0
59	19155.0	96.0
60	19157.0	120.0
61	19398.0	106.0
62	19028.0	81.0
63	18245.0	91.0
64	17989.0	92.0
65	17652.0	73.0
66	16914.0	92.0
67	16587.0	96.0
68	16047.0	62.0
69	15670.0	80.0
70	15254.0	83.0
71	15193.0	60.0
72	14921.0	43.0
73	14610.0	58.0
74	14437.0	48.0
75	14384.0	48.0
76	14527.0	41.0
77	14365.0	40.0
78	13859.0	58.0
79	13889.0	48.0
80	14035.0	43.0
81	14220.0	46.0
82	14041.0	67.0
83	14298.0	40.0
84	14319.0	46.0
85	14126.0	45.0
86	14102.0	26.0
87	14125.0	28.0
88	14077.0	35.0
89	13780.0	29.0
90	13795.0	29.0
91	13737.0	23.0
92	13630.0	25.0
93	13238.0	26.0
94	13041.0	18.0
95	12992.0	39.0
96	13229.0	37.0
97	12948.0	31.0
98	13071.0	49.0
99	13265.0	47.0
100	13142.0	43.0
101	13336.0	36.0
102	13083.0	39.0
103	12995.0	50.0
104	12995.0	42.0
105	13149.0	61.0
106	13244.0	53.0
107	13482.0	55.0
108	13437.0	57.0
109	13617.0	54.0
110	13464.0	48.0
111	13753.0	28.0
112	14379.0	16.0
113	14338.0	24.0
114	14604.0	32.0
115	15122.0	31.0
116	15519.0	45.0
117	15839.0	38.0
118	16238.0	42.0
119	16027.0	55.0
120	16160.0	66.0
121	16655.0	29.0
122	17285.0	46.0
123	17293.0	54.0
124	17248.0	35.0
125	17360.0	31.0
126	17764.0	41.0
127	17870.0	45.0
128	17849.0	32.0
129	17879.0	31.0
130	17759.0	41.0
131	17978.0	38.0
132	18080.0	42.0
133	17851.0	55.0
134	17824.0	32.0
135	17963.0	27.0
136	17973.0	26.0
137	17820.0	19.0
138	17813.0	36.0
139	17529.0	35.0
140	17294.0	15.0
141	17055.0	32.0
142	16987.0	56.0
143	17073.0	28.0
144	16738.0	37.0
145	16748.0	46.0
146	16484.0	28.0
147	16389.0	20.0
148	16950.0	26.0
149	16746.0	25.0
150	16472.0	26.0
151	16707.0	28.0
152	16389.0	29.0
153	16228.0	24.0
154	16223.0	28.0
155	16259.0	31.0
156	16130.0	19.0
157	16570.0	29.0
158	16375.0	15.0
159	15929.0	13.0
160	15909.0	27.0
161	15798.0	10.0
162	16253.0	11.0
163	16194.0	19.0
164	16248.0	12.0
165	16256.0	9.0
166	16057.0	12.0
167	16097.0	8.0
168	16152.0	11.0
169	16311.0	8.0
170	16195.0	8.0
171	16428.0	8.0
172	16402.0	10.0
173	16542.0	11.0
174	16526.0	18.0
175	16420.0	20.0
176	16794.0	25.0
177	16525.0	22.0
178	16816.0	30.0
179	16856.0	21.0
180	16303.0	29.0
181	16283.0	27.0
182	16181.0	18.0
183	16174.0	18.0
184	16141.0	15.0
185	15941.0	14.0
186	15508.0	12.0
187	15385.0	10.0
188	15155.0	8.0
189	14730.0	9.0
190	14068.0	12.0
191	13221.0	11.0
192	12837.0	15.0
193	12509.0	19.0
194	12128.0	23.0
195	11841.0	27.0
196	11737.0	30.0
197	11266.0	19.0
198	11335.0	19.0
199	11104.0	26.0
200	10897.0	25.0
201	10610.0	24.0
202	10673.0	40.0
203	10607.0	46.0
204	10787.0	17.0
205	10684.0	18.0
206	10732.0	27.0
207	10951.0	18.0
208	11201.0	9.0
209	11440.0	12.0
210	11625.0	17.0
211	11846.0	13.0
212	12151.0	16.0
213	12391.0	13.0
214	12476.0	18.0
215	12949.0	15.0
216	13220.0	16.0
217	13716.0	20.0
218	13946.0	16.0
219	14191.0	11.0
220	14695.0	25.0
221	15004.0	10.0
222	15355.0	18.0
223	15622.0	22.0
224	16061.0	19.0
225	16552.0	23.0
226	17017.0	21.0
227	17055.0	21.0
228	17338.0	12.0
229	17598.0	8.0
230	17774.0	18.0
231	17791.0	21.0
232	17496.0	19.0
233	17328.0	28.0
234	17336.0	31.0
235	17312.0	19.0
236	17140.0	28.0
237	17216.0	25.0
238	16956.0	12.0
239	16570.0	22.0
240	16426.0	36.0
241	16053.0	37.0
242	15855.0	35.0
243	15437.0	35.0
244	15104.0	42.0
245	14509.0	28.0
246	14372.0	27.0
247	14141.0	28.0
248	14040.0	27.0
249	13577.0	30.0
250	13253.0	31.0
251	13023.0	29.0
252	12741.0	34.0
253	12654.0	42.0
254	12164.0	38.0
255	12095.0	44.0
256	12102.0	36.0
257	12164.0	45.0
258	12012.0	40.0
259	12096.0	57.0
260	12392.0	52.0
261	12712.0	57.0
262	12750.0	58.0
263	13146.0	57.0
264	13470.0	56.0
265	13667.0	54.0
266	13958.0	32.0
267	13992.0	38.0
268	14031.0	28.0
269	14506.0	13.0
270	14576.0	26.0
271	14580.0	26.0
272	14553.0	31.0
273	14316.0	40.0
274	14203.0	33.0
275	14111.0	42.0
276	14073.0	34.0
277	14009.0	41.0
278	13843.0	36.0
279	13703.0	40.0
280	13411.0	40.0
281	12952.0	33.0
282	12836.0	35.0
283	12487.0	46.0
284	12106.0	46.0
285	12024.0	24.0
286	12102.0	39.0
287	12130.0	40.0
288	11793.0	27.0
289	11292.0	25.0
290	11201.0	41.0
291	11137.0	50.0
292	11093.0	38.0
293	11001.0	29.0
294	10728.0	35.0
295	10304.0	34.0
296	10092.0	40.0
297	9963.0	29.0
298	9898.0	31.0
299	9908.0	17.0
300	9751.0	22.0
301	9746.0	30.0
302	9470.0	32.0
303	9384.0	26.0
304	9567.0	17.0
305	9893.0	3.0
306	9963.0	8.0
307	10117.0	13.0
308	10104.0	11.0
309	10185.0	14.0
310	10123.0	7.0
311	10367.0	12.0
312	10579.0	7.0
313	10805.0	12.0
314	10830.0	8.0
315	10681.0	10.0
316	10645.0	6.0
317	10765.0	5.0
318	10716.0	18.0
319	10377.0	9.0
320	10038.0	24.0
321	10009.0	13.0
322	9947.0	12.0
323	9665.0	15.0
324	9665.0	20.0
325	9463.0	15.0
326	9664.0	9.0
327	9948.0	6.0
328	9806.0	6.0
329	9662.0	7.0
330	9536.0	8.0
331	9840.0	6.0
332	9945.0	5.0
333	9841.0	11.0
334	9587.0	14.0
335	9674.0	4.0
336	9417.0	10.0
337	9445.0	4.0
338	9543.0	8.0
339	9540.0	9.0
340	10060.0	4.0
341	10259.0	5.0
342	10468.0	5.0
343	10655.0	13.0
344	10823.0	5.0
345	10719.0	8.0
346	10736.0	2.0
347	11013.0	10.0
348	11435.0	14.0
349	11612.0	8.0
350	11715.0	11.0
351	11927.0	11.0
352	12271.0	16.0
353	12533.0	8.0
354	12866.0	16.0
355	13115.0	13.0
356	13349.0	14.0
357	13495.0	16.0
358	13743.0	14.0
359	13998.0	22.0
360	14221.0	8.0
361	14491.0	17.0
362	14569.0	7.0
363	14799.0	13.0
364	14957.0	17.0
365	14762.0	30.0
366	14803.0	25.0
367	14836.0	22.0
368	14824.0	27.0
369	14671.0	24.0
370	14658.0	19.0
371	14396.0	19.0
372	14132.0	15.0
373	13898.0	19.0
374	13640.0	13.0
375	13215.0	10.0
376	13094.0	8.0
377	12875.0	16.0
378	12455.0	8.0
379	12133.0	14.0
380	11766.0	17.0
381	11620.0	10.0
382	11374.0	11.0
383	11324.0	11.0
384	11323.0	12.0
385	11293.0	2.0
386	11063.0	6.0
387	11272.0	5.0
388	11209.0	4.0
389	11208.0	5.0
390	11533.0	2.0
391	11604.0	4.0
392	11898.0	2.0
393	11976.0	7.0
394	12225.0	2.0
395	12337.0	9.0
396	12742.0	6.0
397	12648.0	3.0
398	12634.0	5.0
399	12793.0	7.0
400	12740.0	5.0
401	13029.0	2.0
402	13188.0	7.0
403	13307.0	8.0
404	13527.0	10.0
405	13679.0	11.0
406	13902.0	13.0
407	13882.0	16.0
408	14121.0	17.0
409	14436.0	14.0
410	14542.0	12.0
411	14638.0	16.0
412	14682.0	9.0
413	14858.0	10.0
414	14831.0	12.0
415	14884.0	6.0
416	14506.0	16.0
417	14175.0	8.0
418	14066.0	10.0
419	13824.0	4.0
420	13430.0	15.0
421	13297.0	12.0
422	13126.0	15.0
423	12992.0	18.0
424	12868.0	18.0
425	12702.0	18.0
426	12574.0	17.0
427	12304.0	17.0
428	12068.0	16.0
429	11709.0	20.0
430	11148.0	21.0
431	10987.0	24.0
432	10601.0	24.0
433	10360.0	27.0
434	10104.0	24.0
435	10023.0	29.0
436	9917.0	20.0
437	10026.0	28.0
438	9548.0	22.0
439	9667.0	15.0
440	9987.0	12.0
441	9919.0	15.0
442	9943.0	28.0
443	10067.0	9.0
444	10261.0	5.0
445	10121.0	18.0
446	10165.0	18.0
447	10033.0	10.0
448	10087.0	13.0
449	10211.0	21.0
450	10139.0	15.0
451	10276.0	11.0
452	10143.0	11.0
453	10196.0	10.0
454	10413.0	10.0
455	10430.0	15.0
456	10355.0	6.0
457	10380.0	6.0
458	10178.0	13.0
459	10006.0	15.0
460	9816.0	12.0
461	9770.0	15.0
462	9483.0	12.0
463	9330.0	3.0
464	9137.0	11.0
465	9002.0	16.0
466	8893.0	11.0
467	8689.0	7.0
468	8670.0	6.0
469	8586.0	7.0
470	8444.0	7.0
471	8208.0	23.0
472	8095.0	8.0
473	8036.0	7.0
474	7895.0	6.0
475	7988.0	9.0
476	8078.0	16.0
477	8074.0	24.0
478	8104.0	21.0
479	8246.0	40.0
480	8366.0	30.0
481	8491.0	28.0
482	8831.0	33.0
483	8990.0	35.0
484	9090.0	32.0
485	9268.0	34.0
486	9507.0	32.0
487	9437.0	30.0
488	9622.0	33.0
489	9679.0	44.0
490	10007.0	34.0
491	10145.0	25.0
492	10264.0	24.0
493	10093.0	20.0
494	10148.0	19.0
495	10375.0	28.0
496	10407.0	28.0
497	10486.0	39.0
498	10450.0	16.0
499	10896.0	15.0
500	10806.0	25.0
501	11131.0	13.0
502	10977.0	12.0
503	10766.0	27.0
504	10380.0	13.0
505	10334.0	20.0
506	10281.0	12.0
507	10242.0	10.0
508	10170.0	13.0
509	10123.0	10.0
510	9841.0	14.0
511	9943.0	16.0
512	9607.0	24.0
513	9479.0	9.0
514	9619.0	16.0
515	9655.0	12.0
516	10071.0	11.0
517	10129.0	21.0
518	10094.0	12.0
519	9826.0	14.0
520	10138.0	24.0
521	9930.0	30.0
522	9926.0	30.0
523	10077.0	20.0
524	10046.0	20.0
525	10231.0	18.0
526	10257.0	25.0
527	10259.0	18.0
528	10141.0	21.0
529	10518.0	24.0
530	10692.0	10.0
531	10984.0	11.0
532	10909.0	16.0
533	10901.0	17.0
534	11107.0	16.0
535	11667.0	16.0
536	12118.0	12.0
537	12330.0	11.0
538	12479.0	15.0
539	12791.0	9.0
540	13308.0	16.0
541	13112.0	15.0
542	13040.0	19.0
543	13009.0	9.0
544	12883.0	8.0
545	12800.0	7.0
546	12697.0	3.0
547	12505.0	9.0
548	12507.0	12.0
549	12479.0	6.0
550	12190.0	5.0
551	12242.0	11.0
552	12084.0	5.0
553	11924.0	7.0
554	11703.0	7.0
555	11468.0	6.0
556	11553.0	1.0
557	11410.0	7.0
558	11222.0	6.0
559	11263.0	4.0
560	11000.0	8.0
561	10750.0	5.0
562	10335.0	8.0
563	10317.0	8.0
564	9798.0	4.0
565	9731.0	8.0
566	9582.0	13.0
567	9375.0	9.0
568	9350.0	20.0
569	9443.0	13.0
570	9357.0	13.0
571	9151.0	15.0
572	9294.0	15.0
573	9118.0	17.0
574	8888.0	14.0
575	8894.0	13.0
576	8808.0	15.0
577	9133.0	11.0
578	9497.0	17.0
579	9955.0	9.0
580	10121.0	10.0
581	10164.0	12.0
582	10250.0	7.0
583	10595.0	7.0
584	10882.0	10.0
585	10868.0	14.0
586	11102.0	19.0
587	11143.0	17.0
588	11297.0	21.0
589	11318.0	19.0
590	11521.0	18.0
591	11820.0	23.0
592	12101.0	19.0
593	12435.0	23.0
594	12488.0	21.0
595	12623.0	24.0
596	12880.0	16.0
597	12935.0	10.0
598	12775.0	22.0
599	12905.0	8.0
600	13115.0	12.0
601	13133.0	18.0
602	13226.0	25.0
603	12793.0	31.0
604	12832.0	22.0
605	12751.0	20.0
606	12904.0	32.0
607	12787.0	11.0
608	12375.0	11.0
609	12250.0	9.0
610	12024.0	25.0
611	11691.0	19.0
612	11187.0	19.0
613	10699.0	20.0
614	10613.0	19.0
615	10348.0	20.0
616	10094.0	15.0
617	9796.0	22.0
618	9860.0	29.0
619	10008.0	37.0
620	10294.0	33.0
621	10364.0	37.0
622	10485.0	24.0
623	10552.0	34.0
624	10370.0	27.0
625	10637.0	36.0
626	10552.0	29.0
627	10475.0	41.0
628	10593.0	29.0
629	10260.0	27.0
630	10155.0	29.0
631	10041.0	23.0
632	9763.0	32.0
633	9707.0	28.0
634	9619.0	19.0
635	9531.0	34.0
636	9579.0	29.0
637	9318.0	24.0
638	9259.0	44.0
639	9047.0	47.0
640	9154.0	29.0
641	9133.0	59.0
642	8809.0	19.0
643	8633.0	25.0
644	8223.0	42.0
645	7992.0	38.0
646	7674.0	13.0
647	7582.0	21.0
648	7405.0	40.0
649	7263.0	24.0
650	7089.0	32.0
651	6937.0	12.0
652	7038.0	14.0
653	7032.0	15.0
654	7044.0	14.0
655	7278.0	21.0
656	7365.0	24.0
657	7461.0	36.0
658	7535.0	14.0
659	7593.0	26.0
660	7607.0	41.0
661	7897.0	37.0
662	8038.0	38.0
663	7988.0	10.0
664	8126.0	17.0
665	8201.0	27.0
666	8328.0	11.0
667	8497.0	19.0
668	8477.0	25.0
669	8411.0	12.0
670	8552.0	13.0
671	8798.0	9.0
672	8751.0	9.0
673	8802.0	10.0
674	8929.0	9.0
675	9183.0	17.0
676	9313.0	14.0
677	9548.0	19.0
678	9941.0	17.0
679	10221.0	12.0
680	10398.0	25.0
681	10583.0	22.0
682	10708.0	30.0
683	10956.0	9.0
684	11060.0	7.0
685	11306.0	8.0
686	11109.0	5.0
687	11245.0	8.0
688	11071.0	8.0
689	10871.0	8.0
690	10641.0	15.0
691	10438.0	25.0
692	10368.0	32.0
693	9874.0	34.0
694	9888.0	9.0
695	9574.0	13.0
696	9433.0	9.0
697	9266.0	14.0
698	8885.0	15.0
699	8715.0	7.0
700	8484.0	16.0
701	8502.0	18.0
702	8388.0	15.0
703	8308.0	8.0
704	8122.0	7.0
705	8494.0	11.0
706	8311.0	7.0
707	7871.0	2.0
708	7976.0	10.0
709	7873.0	11.0
710	7925.0	11.0
711	7684.0	19.0
712	7560.0	14.0
713	7481.0	14.0
714	7646.0	14.0
715	7731.0	21.0
716	7690.0	21.0
717	7747.0	20.0
718	7907.0	17.0
719	8171.0	31.0
720	8116.0	24.0
721	8215.0	17.0
722	8294.0	20.0
723	8207.0	22.0
724	8380.0	19.0
725	8255.0	9.0
726	8211.0	15.0
727	8433.0	14.0
728	8393.0	9.0
729	8217.0	10.0
730	8081.0	11.0
731	7890.0	15.0
732	7823.0	12.0
733	7590.0	8.0
734	7428.0	6.0
735	7415.0	8.0
736	7336.0	14.0
737	7298.0	8.0
738	7294.0	22.0
739	7378.0	18.0
740	7226.0	24.0
741	7381.0	20.0
742	7334.0	16.0
743	7404.0	19.0
744	7535.0	18.0
745	7691.0	21.0
746	7717.0	19.0
747	7930.0	24.0
748	8081.0	20.0
749	8227.0	16.0
750	8375.0	31.0
751	8386.0	16.0
752	8809.0	21.0
753	8928.0	32.0
754	9220.0	28.0
755	9451.0	27.0
756	9463.0	31.0
757	9582.0	39.0
758	9725.0	40.0
759	9855.0	34.0
760	9589.0	39.0
761	9732.0	40.0
762	10031.0	45.0
763	10179.0	44.0
764	10242.0	35.0
765	10078.0	35.0
766	10315.0	24.0
767	10307.0	23.0
768	10296.0	34.0
769	10172.0	35.0
770	9932.0	29.0
771	10023.0	5.0
772	9876.0	8.0
773	9701.0	3.0
774	9557.0	5.0
775	9423.0	6.0
776	9356.0	11.0
777	9426.0	4.0
778	9394.0	8.0
779	9208.0	12.0
780	8926.0	9.0
781	8419.0	11.0
782	7911.0	10.0
783	7728.0	20.0
784	7429.0	18.0
785	7233.0	8.0
786	7136.0	23.0
787	6934.0	13.0
788	7059.0	12.0
789	6981.0	16.0
790	6692.0	4.0
791	6416.0	10.0
792	6087.0	10.0
793	5941.0	8.0
794	5816.0	10.0
795	5836.0	11.0
796	5659.0	9.0
797	5567.0	11.0
798	5558.0	13.0
799	5620.0	18.0
800	5443.0	13.0
801	5415.0	17.0
802	5359.0	30.0
803	5346.0	20.0
804	5120.0	17.0
805	4989.0	16.0
806	5056.0	19.0
807	4970.0	22.0
808	5005.0	25.0
809	4957.0	15.0
810	5195.0	9.0
811	5070.0	14.0
812	5234.0	14.0
813	5337.0	8.0
814	5466.0	13.0
815	5361.0	12.0
816	5601.0	5.0
817	5706.0	14.0
818	5949.0	12.0
819	6171.0	7.0
820	6397.0	18.0
821	6659.0	19.0
822	6973.0	12.0
823	7281.0	11.0
824	7572.0	12.0
825	7624.0	19.0
826	7695.0	22.0
827	7926.0	15.0
828	8111.0	19.0
829	8163.0	16.0
830	8386.0	11.0
831	8272.0	4.0
832	8304.0	10.0
833	8404.0	13.0
834	8585.0	6.0
835	8846.0	7.0
836	8831.0	10.0
837	8788.0	1.0
838	8849.0	4.0
839	8559.0	11.0
840	8452.0	2.0
841	8410.0	5.0
842	8279.0	8.0
843	8280.0	2.0
844	8504.0	4.0
845	8338.0	4.0
846	8502.0	4.0
847	8646.0	6.0
848	8807.0	7.0
849	8949.0	3.0
850	9090.0	1.0
851	9196.0	9.0
852	9199.0	6.0
853	9427.0	9.0
854	9604.0	12.0
855	9492.0	5.0
856	9308.0	7.0
857	9165.0	7.0
858	9072.0	8.0
859	8967.0	5.0
860	8734.0	5.0
861	8308.0	12.0
862	8276.0	7.0
863	8263.0	16.0
864	8109.0	12.0
865	7812.0	13.0
866	7825.0	12.0
867	7850.0	22.0
868	7637.0	13.0
869	7417.0	9.0
870	7480.0	6.0
871	7080.0	4.0
872	6691.0	7.0
873	6538.0	7.0
874	6290.0	7.0
875	6119.0	8.0
876	5783.0	17.0
877	5615.0	13.0
878	5777.0	6.0
879	5632.0	18.0
880	5535.0	16.0
881	5393.0	24.0
882	5131.0	18.0
883	5234.0	31.0
884	5368.0	20.0
885	5234.0	11.0
886	5116.0	17.0
887	4926.0	9.0
888	4888.0	8.0
889	4963.0	9.0
890	4797.0	18.0
891	4719.0	20.0
892	4778.0	16.0
893	4929.0	15.0
894	5021.0	12.0
895	5042.0	16.0
896	5130.0	14.0
897	5213.0	13.0
898	5258.0	15.0
899	5131.0	6.0
900	5369.0	11.0
901	5677.0	13.0
902	5644.0	14.0
903	6000.0	10.0
904	6306.0	9.0
905	6559.0	7.0
906	6837.0	9.0
907	7057.0	14.0
908	7040.0	18.0
909	7212.0	6.0
910	7607.0	6.0
911	7697.0	7.0
912	8140.0	3.0
913	8256.0	3.0
914	8163.0	2.0
915	8156.0	7.0
916	8078.0	7.0
917	7957.0	7.0
918	7607.0	10.0
919	7645.0	10.0
920	7441.0	13.0
921	7117.0	14.0
922	6798.0	8.0
923	6740.0	7.0
924	6386.0	8.0
925	6252.0	5.0
926	6226.0	10.0
927	6202.0	7.0
928	6222.0	7.0
929	5973.0	13.0
930	5520.0	11.0
931	5520.0	9.0
932	5444.0	12.0
933	5519.0	15.0
934	5694.0	12.0
935	5612.0	12.0
936	5327.0	15.0
937	4996.0	8.0
938	4736.0	7.0
939	4623.0	14.0
940	4460.0	12.0
941	4178.0	9.0
942	4433.0	15.0
943	4451.0	6.0
944	4630.0	13.0
945	4665.0	12.0
946	4753.0	16.0
947	4872.0	21.0
948	4925.0	22.0
949	4949.0	18.0
950	5056.0	13.0
951	5159.0	11.0
952	5089.0	7.0
953	5141.0	5.0
954	5096.0	9.0
955	4994.0	3.0
956	4979.0	5.0
957	5069.0	5.0
958	4918.0	6.0
959	4926.0	4.0
960	4773.0	3.0
961	4518.0	1.0
962	4371.0	1.0
963	4241.0	0.0
964	4125.0	2.0
965	3930.0	4.0
966	3769.0	2.0
967	3725.0	0.0
968	3680.0	4.0
969	3555.0	1.0
970	3584.0	2.0
971	3378.0	0.0
972	3332.0	3.0
973	3270.0	0.0
974	3281.0	1.0
975	3270.0	3.0
976	3398.0	2.0
977	3362.0	2.0
978	3473.0	7.0
979	3532.0	2.0
980	3694.0	5.0
981	3884.0	6.0
982	4017.0	3.0
983	4260.0	4.0
984	4595.0	6.0
985	4761.0	3.0
986	4878.0	2.0
987	4974.0	7.0
988	4851.0	32.0
989	4820.0	0.0
990	4911.0	2.0
991	5085.0	2.0
992	5178.0	2.0
993	5247.0	2.0
994	5212.0	3.0
995	5314.0	2.0
996	5490.0	1.0
997	5536.0	2.0
998	5519.0	3.0
999	5564.0	4.0
1000	5536.0	4.0
1001	5823.0	8.0
1002	5906.0	3.0
1003	5918.0	2.0
1004	6007.0	2.0
1005	6092.0	2.0
1006	6252.0	2.0
1007	6174.0	1.0
1008	6080.0	4.0
1009	6019.0	7.0
1010	6102.0	3.0
1011	6029.0	7.0
1012	6019.0	9.0
1013	5734.0	7.0
1014	5735.0	10.0
1015	5838.0	9.0
1016	5738.0	4.0
1017	5720.0	12.0
1018	5643.0	5.0
1019	5566.0	5.0
1020	5572.0	8.0
1021	5394.0	8.0
1022	5231.0	11.0
1023	5145.0	16.0
1024	4914.0	13.0
1025	4768.0	14.0
1026	4733.0	9.0
1027	4544.0	13.0
1028	4575.0	17.0
1029	4455.0	18.0
1030	4559.0	22.0
1031	4638.0	23.0
1032	4978.0	24.0
1033	5135.0	21.0
1034	5163.0	30.0
1035	5261.0	29.0
1036	5328.0	21.0
1037	5647.0	17.0
1038	5630.0	25.0
1039	5477.0	24.0
1040	5465.0	20.0
1041	5676.0	15.0
1042	5785.0	11.0
1043	5808.0	16.0
1044	5583.0	10.0
1045	5485.0	10.0
1046	5529.0	12.0
1047	5456.0	4.0
1048	5340.0	11.0
1049	5031.0	9.0
1050	4942.0	9.0
1051	4859.0	6.0
1052	4599.0	5.0
1053	4352.0	8.0
1054	4167.0	7.0
1055	4030.0	0.0
1056	3901.0	4.0
1057	3561.0	0.0
1058	3360.0	2.0
1059	3316.0	2.0
1060	3325.0	0.0
1061	3126.0	1.0
1062	3026.0	5.0
1063	2900.0	1.0
1064	3071.0	3.0
1065	3128.0	7.0
1066	3122.0	3.0
1067	2997.0	4.0
1068	2963.0	1.0
1069	3075.0	3.0
1070	3222.0	2.0
1071	3260.0	0.0
1072	3139.0	4.0
1073	2942.0	4.0
1074	3058.0	3.0
1075	3026.0	3.0
1076	2989.0	4.0
1077	2868.0	1.0
1078	2827.0	2.0
1079	2879.0	10.0
1080	2941.0	2.0
1081	2835.0	13.0
1082	2929.0	10.0
1083	2941.0	13.0
1084	2891.0	7.0
1085	2978.0	5.0
1086	2954.0	3.0
1087	3010.0	7.0
1088	2900.0	5.0
1089	2930.0	4.0
1090	2766.0	2.0
1091	2706.0	4.0
1092	2859.0	6.0
1093	2945.0	7.0
1094	3012.0	9.0
1095	3141.0	7.0
1096	3119.0	5.0
1097	3178.0	4.0
1098	3214.0	5.0
1099	3361.0	9.0
1100	3425.0	6.0
1101	3569.0	4.0
1102	3652.0	5.0
1103	3537.0	2.0
1104	3637.0	6.0
1105	3680.0	3.0
1106	3772.0	1.0
1107	3723.0	5.0
1108	3717.0	6.0
1109	3637.0	1.0
1110	3469.0	7.0
1111	3466.0	5.0
1112	3381.0	5.0
1113	3356.0	8.0
1114	3182.0	6.0
1115	3158.0	8.0
1116	2975.0	4.0
1117	2973.0	3.0
1118	2970.0	5.0
1119	2930.0	2.0
1120	2913.0	1.0
1121	2791.0	6.0
1122	2807.0	3.0
1123	2939.0	5.0
1124	2975.0	8.0
1125	2976.0	3.0
1126	2960.0	4.0
1127	3002.0	3.0
1128	3060.0	2.0
1129	3168.0	3.0
1130	3113.0	0.0
1131	3290.0	1.0
1132	3295.0	4.0
1133	3403.0	3.0
1134	3309.0	0.0
1135	3237.0	4.0
1136	3405.0	3.0
1137	3404.0	0.0
1138	3350.0	1.0
1139	3399.0	1.0
1140	3403.0	4.0
1141	3405.0	0.0
1142	3429.0	1.0
1143	3444.0	2.0
1144	3430.0	3.0
1145	3364.0	5.0
1146	3217.0	10.0
1147	3230.0	7.0
1148	3070.0	7.0
1149	3250.0	6.0
1150	3193.0	9.0
1151	3264.0	4.0
1152	3249.0	9.0
1153	3182.0	2.0
1154	3367.0	2.0
1155	3455.0	3.0
1156	3554.0	9.0
1157	3652.0	2.0
1158	3682.0	1.0
1159	3705.0	0.0
1160	3771.0	0.0
1161	3797.0	4.0
1162	3892.0	2.0
1163	3984.0	3.0
1164	3970.0	4.0
1165	4027.0	3.0
1166	4058.0	7.0
1167	4059.0	9.0
1168	4178.0	9.0
1169	4163.0	12.0
1170	4154.0	14.0
1171	4011.0	11.0
1172	3960.0	20.0
1173	3988.0	6.0
1174	3893.0	6.0
1175	3781.0	15.0
1176	3676.0	5.0
1177	3653.0	16.0
1178	3712.0	15.0
1179	3712.0	12.0
1180	3698.0	4.0
1181	3742.0	6.0
1182	3904.0	2.0
1183	3893.0	1.0
1184	3745.0	4.0
1185	3720.0	6.0
1186	3586.0	3.0
1187	3594.0	4.0
1188	3537.0	5.0
1189	3448.0	4.0
1190	3433.0	15.0
1191	3307.0	4.0
1192	3324.0	5.0
1193	3293.0	5.0
1194	3180.0	13.0
1195	3164.0	7.0
1196	3173.0	7.0
1197	3025.0	6.0
1198	2881.0	5.0
1199	2720.0	2.0
1200	2595.0	3.0
1201	2583.0	3.0
1202	2464.0	2.0
1203	2398.0	3.0
1204	2366.0	2.0
1205	2399.0	2.0
1206	2415.0	1.0
1207	2465.0	4.0
1208	2430.0	3.0
1209	2484.0	6.0
1210	2479.0	3.0
1211	2631.0	4.0
1212	2818.0	3.0
1213	3040.0	2.0
1214	3125.0	6.0
1215	3262.0	4.0
1216	3519.0	2.0
1217	3772.0	5.0
1218	4003.0	7.0
1219	4216.0	9.0
1220	4423.0	4.0
1221	4552.0	13.0
1222	4732.0	11.0
1223	4872.0	5.0
1224	4983.0	16.0
1225	5029.0	7.0
1226	4902.0	50.0
1227	4890.0	35.0
1228	4978.0	19.0
1229	4736.0	12.0
1230	4624.0	25.0
1231	4615.0	14.0
1232	4553.0	14.0
1233	4413.0	16.0
1234	4263.0	15.0
1235	4084.0	16.0
1236	4007.0	4.0
1237	4062.0	10.0
1238	4009.0	4.0
1239	4078.0	12.0
1240	4083.0	4.0
1241	4000.0	17.0
1242	4015.0	4.0
1243	4157.0	23.0
1244	4213.0	3.0
1245	4399.0	6.0
1246	4276.0	8.0
1247	4266.0	16.0
1248	4194.0	9.0
1249	4329.0	6.0
1250	4231.0	6.0
1251	4065.0	9.0
1252	3775.0	7.0
1253	3660.0	3.0
1254	3685.0	5.0
1255	3667.0	2.0
1256	3514.0	8.0
1257	3651.0	1.0
1258	3623.0	6.0
1259	3633.0	0.0
1260	3610.0	3.0
1261	3575.0	2.0
1262	3606.0	2.0
1263	3622.0	5.0
1264	3734.0	3.0
1265	3615.0	0.0
1266	3672.0	2.0
1267	3749.0	1.0
1268	3754.0	4.0
1269	4019.0	1.0
1270	4070.0	4.0
1271	4204.0	3.0
1272	4299.0	4.0
1273	4528.0	4.0
1274	4583.0	3.0
1275	4697.0	7.0
1276	4855.0	2.0
1277	4907.0	8.0
1278	4981.0	3.0
1279	4971.0	1.0
1280	5164.0	7.0
1281	5239.0	6.0
1282	5271.0	9.0
1283	5230.0	15.0
1284	5173.0	6.0
1285	5148.0	2.0
1286	4972.0	6.0
1287	5046.0	4.0
1288	5006.0	6.0
1289	5075.0	1.0
1290	5034.0	6.0
1291	5039.0	3.0
1292	4807.0	6.0
1293	4778.0	2.0
1294	4859.0	9.0
1295	4614.0	10.0
1296	4592.0	13.0
1297	4533.0	5.0
1298	4509.0	5.0
1299	4522.0	22.0
1300	4548.0	13.0
1301	4433.0	15.0
1302	4429.0	14.0
1303	4406.0	12.0
1304	4509.0	17.0
1305	4649.0	18.0
1306	4537.0	17.0
1307	4626.0	27.0
1308	4553.0	21.0
1309	4279.0	24.0
1310	4206.0	11.0
1311	4233.0	17.0
1312	4196.0	16.0
1313	4085.0	20.0
1314	4146.0	15.0
1315	4203.0	12.0
1316	4123.0	23.0
1317	3938.0	11.0
1318	3889.0	34.0
1319	3833.0	14.0
1320	3743.0	9.0
1321	3723.0	25.0
1322	3533.0	11.0
1323	3327.0	26.0
1324	3322.0	71.0
1325	3304.0	8.0
1326	3112.0	28.0
1327	3129.0	11.0
1328	3031.0	12.0
1329	2959.0	12.0
1330	3087.0	14.0
1331	3096.0	24.0
1332	2957.0	12.0
1333	2928.0	14.0
1334	2884.0	10.0
1335	2915.0	22.0
1336	2900.0	1.0
1337	2920.0	4.0
1338	3001.0	0.0
1339	3016.0	0.0
1340	3097.0	13.0
1341	3100.0	0.0
1342	3087.0	7.0
1343	3151.0	16.0
1344	3236.0	17.0
1345	3305.0	16.0
1346	3500.0	14.0
1347	3537.0	14.0
1348	3458.0	20.0
1349	3637.0	3.0
1350	3627.0	9.0
1351	3516.0	6.0
1352	3699.0	7.0
1353	3603.0	5.0
1354	3782.0	1.0
1355	3966.0	2.0
1356	3843.0	1.0
1357	3922.0	3.0
1358	4133.0	7.0
1359	4105.0	11.0
1360	4189.0	13.0
1361	4243.0	4.0
1362	4046.0	6.0
1363	4113.0	2.0
1364	4032.0	7.0
1365	3967.0	4.0
1366	4033.0	6.0
1367	3951.0	1.0
1368	4012.0	1.0
1369	3985.0	10.0
1370	3977.0	4.0
1371	4109.0	4.0
1372	4164.0	0.0
1373	4092.0	3.0
1374	4064.0	4.0
1375	4142.0	2.0
1376	4233.0	6.0
1377	4399.0	4.0
1378	4366.0	5.0
1379	4373.0	6.0
1380	4329.0	4.0
1381	4379.0	4.0
1382	4410.0	4.0
1383	4371.0	8.0
1384	4171.0	4.0
1385	4046.0	3.0
1386	4063.0	4.0
1387	3922.0	1.0
1388	4016.0	1.0
1389	4089.0	6.0
1390	4113.0	2.0
1391	4024.0	1.0
1392	4191.0	1.0
1393	4312.0	1.0
1394	4392.0	5.0
1395	4471.0	1.0
1396	4436.0	1.0
1397	4486.0	1.0
1398	4370.0	0.0
1399	4497.0	2.0
1400	4567.0	0.0
1401	4355.0	2.0
1402	4473.0	1.0
1403	4469.0	0.0
1404	4469.0	8.0
1405	4482.0	6.0
1406	4558.0	3.0
1407	4618.0	4.0
1408	4421.0	4.0
1409	4341.0	5.0
1410	4304.0	6.0
1411	4248.0	3.0
1412	4222.0	1.0
1413	4185.0	1.0
1414	4111.0	1.0
1415	3887.0	7.0
1416	3936.0	5.0
1417	3591.0	3.0
1418	3645.0	5.0
1419	3584.0	10.0
1420	3647.0	8.0
1421	3603.0	7.0
1422	3666.0	9.0
1423	3661.0	13.0
1424	3716.0	16.0
1425	3739.0	11.0
1426	3859.0	14.0
1427	3881.0	18.0
1428	3779.0	9.0
1429	3821.0	6.0
1430	3860.0	6.0
1431	3751.0	4.0
1432	3730.0	5.0
1433	3698.0	11.0
1434	3647.0	7.0
1435	3598.0	13.0
1436	3741.0	13.0
1437	3753.0	10.0
1438	3847.0	11.0
1439	3801.0	14.0
1440	3578.0	12.0
1441	3558.0	14.0
1442	3565.0	11.0
1443	3662.0	16.0
1444	3732.0	10.0
1445	3886.0	11.0
1446	3859.0	10.0
1447	3789.0	8.0
1448	3876.0	4.0
1449	3807.0	11.0
1450	3890.0	12.0
1451	3812.0	10.0
1452	3803.0	7.0
1453	3958.0	9.0
1454	4096.0	8.0
1455	4024.0	3.0
1456	4081.0	6.0
1457	3842.0	5.0
1458	3872.0	3.0
1459	3916.0	2.0
1460	3975.0	3.0
1461	3903.0	2.0
1462	3892.0	1.0
1463	3725.0	0.0
1464	3655.0	1.0
1465	3605.0	1.0
1466	3547.0	3.0
1467	3554.0	1.0
1468	3265.0	4.0
1469	3304.0	6.0
1470	3208.0	13.0
1471	3034.0	5.0
1472	2938.0	5.0
1473	2960.0	4.0
1474	2813.0	8.0
1475	2878.0	11.0
1476	2999.0	8.0
1477	2923.0	9.0
1478	2871.0	5.0
1479	2898.0	9.0
1480	2931.0	9.0
1481	2728.0	6.0
1482	2774.0	6.0
1483	2682.0	12.0
1484	2722.0	9.0
1485	2826.0	10.0
1486	2821.0	7.0
1487	2843.0	9.0
1488	2866.0	14.0
1489	2916.0	11.0
1490	2823.0	12.0
1491	2873.0	8.0
1492	2879.0	6.0
1493	2981.0	10.0
1494	2980.0	3.0
1495	2955.0	1.0
1496	2733.0	1.0
1497	2700.0	3.0
1498	2751.0	3.0
1499	2670.0	0.0
1500	2621.0	1.0
1501	2544.0	2.0
1502	2523.0	2.0
1503	2633.0	6.0
1504	2616.0	1.0
1505	2608.0	2.0
1506	2700.0	5.0
1507	2690.0	2.0
1508	2784.0	1.0
1509	2936.0	0.0
1510	2945.0	4.0
1511	3060.0	1.0
1512	3071.0	4.0
1513	3041.0	2.0
1514	3178.0	1.0
1515	3321.0	3.0
1516	3251.0	1.0
1517	3211.0	4.0
1518	3246.0	2.0
1519	3233.0	1.0
1520	3121.0	0.0
1521	2991.0	1.0
1522	2867.0	2.0
1523	2632.0	0.0
1524	2656.0	3.0
1525	2780.0	1.0
1526	2794.0	2.0
1527	2660.0	1.0
1528	2616.0	4.0
1529	2532.0	4.0
1530	2548.0	2.0
1531	2719.0	7.0
1532	2678.0	4.0
1533	2755.0	2.0
1534	2803.0	4.0
1535	2806.0	2.0
1536	2882.0	5.0
1537	3179.0	3.0
1538	3247.0	6.0
1539	3157.0	3.0
1540	3168.0	2.0
1541	3382.0	1.0
1542	3561.0	2.0
1543	3469.0	8.0
1544	3439.0	3.0
1545	3305.0	3.0
1546	3266.0	8.0
1547	3130.0	2.0
1548	3044.0	5.0
1549	2956.0	5.0
1550	2933.0	3.0
1551	2887.0	5.0
1552	2873.0	7.0
1553	2869.0	25.0
1554	2967.0	15.0
1555	2997.0	17.0
1556	2868.0	4.0
1557	2885.0	26.0
1558	2805.0	30.0
1559	2714.0	17.0
1560	2695.0	12.0
1561	2621.0	17.0
1562	2407.0	8.0
1563	2461.0	15.0
1564	2461.0	15.0
1565	2420.0	10.0
1566	2417.0	18.0
1567	2281.0	8.0
1568	2413.0	8.0
1569	2484.0	7.0
1570	2314.0	10.0
1571	2380.0	14.0
1572	2312.0	19.0
1573	2230.0	22.0
1574	2208.0	9.0
1575	2179.0	11.0
1576	2321.0	13.0
1577	2245.0	11.0
1578	2084.0	15.0
1579	2010.0	11.0
1580	1978.0	4.0
1581	1983.0	10.0
1582	1839.0	29.0
1583	1885.0	37.0
1584	1793.0	10.0
1585	1680.0	5.0
1586	1565.0	8.0
1587	1587.0	5.0
1588	1607.0	10.0
1589	1616.0	7.0
1590	1629.0	2.0
1591	1657.0	4.0
1592	1682.0	5.0
1593	1753.0	8.0
1594	1882.0	9.0
1595	1929.0	8.0
1596	1819.0	8.0
1597	1750.0	11.0
1598	1996.0	9.0
1599	1938.0	11.0
1600	1916.0	12.0
1601	2194.0	5.0
1602	2374.0	10.0
1603	2488.0	3.0
1604	2294.0	4.0
1605	2526.0	7.0
1606	2519.0	6.0
1607	2519.0	4.0
1608	2548.0	4.0
1609	2606.0	5.0
1610	2751.0	2.0
1611	2872.0	6.0
1612	2743.0	3.0
1613	2562.0	5.0
1614	2635.0	2.0
1615	2784.0	6.0
1616	2769.0	10.0
1617	2581.0	9.0
1618	2587.0	10.0
1619	2447.0	5.0
1620	2333.0	5.0
1621	2315.0	7.0
1622	2286.0	13.0
1623	2132.0	2.0
1624	2278.0	5.0
1625	2364.0	8.0
1626	2252.0	6.0
1627	2232.0	3.0
1628	2169.0	7.0
1629	2177.0	3.0
1630	2150.0	18.0
1631	2185.0	5.0
1632	2196.0	7.0
1633	2205.0	5.0
1634	2183.0	8.0
1635	1992.0	7.0
1636	1963.0	10.0
1637	2010.0	7.0
1638	1932.0	9.0
1639	1722.0	6.0
1640	1741.0	11.0
1641	1629.0	3.0
1642	1653.0	8.0
1643	1684.0	4.0
1644	1586.0	4.0
1645	1608.0	6.0
1646	1560.0	3.0
1647	1446.0	5.0
1648	1476.0	5.0
1649	1499.0	2.0
1650	1363.0	4.0
1651	1265.0	6.0
1652	1183.0	5.0
1653	1271.0	9.0
1654	1238.0	12.0
1655	1140.0	6.0
1656	1093.0	11.0
1657	1082.0	9.0
1658	1051.0	6.0
1659	1091.0	2.0
1660	1179.0	6.0
1661	1081.0	11.0
1662	1146.0	4.0
1663	1188.0	7.0
1664	1244.0	8.0
1665	1373.0	4.0
1666	1499.0	5.0
1667	1570.0	15.0
1668	1650.0	0.0
1669	1771.0	2.0
1670	1852.0	10.0
1671	2025.0	6.0
1672	2198.0	11.0
1673	2220.0	3.0
1674	2215.0	5.0
1675	2258.0	8.0
1676	2389.0	6.0
1677	2222.0	6.0
1678	2174.0	10.0
1679	2222.0	12.0
1680	2079.0	9.0
1681	1977.0	12.0
1682	2043.0	12.0
1683	1826.0	5.0
1684	1664.0	9.0
1685	1431.0	16.0
1686	1529.0	3.0
1687	1450.0	10.0
1688	1358.0	8.0
1689	1491.0	5.0
1690	1454.0	7.0
1691	1663.0	7.0
1692	1751.0	8.0
1693	1797.0	12.0
1694	1824.0	6.0
1695	1875.0	8.0
1696	1759.0	11.0
1697	1832.0	11.0
1698	1773.0	9.0
1699	1653.0	12.0
1700	1607.0	2.0
1701	1564.0	3.0
1702	1667.0	2.0
1703	1559.0	8.0
1704	1551.0	6.0
1705	1474.0	7.0
1706	1552.0	9.0
1707	1427.0	6.0
1708	1410.0	7.0
1709	1314.0	11.0
1710	1266.0	13.0
1711	1129.0	16.0
1712	1083.0	10.0
1713	1007.0	11.0
1714	938.0	13.0
1715	867.0	12.0
1716	756.0	10.0
1717	707.0	13.0
1718	737.0	13.0
1719	653.0	6.0
1720	632.0	21.0
1721	665.0	24.0
1722	626.0	23.0
1723	660.0	14.0
1724	639.0	20.0
1725	616.0	10.0
1726	706.0	11.0
1727	740.0	13.0
1728	781.0	8.0
1729	812.0	8.0
1730	802.0	8.0
1731	841.0	8.0
1732	857.0	11.0
1733	962.0	9.0
1734	1000.0	2.0
1735	833.0	3.0
1736	891.0	3.0
1737	895.0	10.0
1738	876.0	4.0
1739	904.0	4.0
1740	892.0	4.0
1741	895.0	4.0
1742	926.0	6.0
1743	862.0	13.0
1744	807.0	7.0
1745	813.0	6.0
1746	704.0	2.0
1747	792.0	2.0
1748	764.0	8.0
1749	684.0	6.0
1750	764.0	7.0
1751	803.0	9.0
1752	750.0	6.0
1753	871.0	1.0
1754	859.0	5.0
1755	856.0	7.0
1756	997.0	11.0
1757	854.0	12.0
1758	1013.0	18.0
1759	1125.0	12.0
1760	1022.0	9.0
1761	1057.0	11.0
1762	1059.0	16.0
1763	1012.0	5.0
1764	1015.0	1.0
1765	1070.0	4.0
1766	1038.0	0.0
1767	1045.0	1.0
1768	939.0	4.0
1769	911.0	1.0
1770	931.0	1.0
1771	856.0	3.0
1772	923.0	1.0
1773	842.0	1.0
1774	787.0	3.0
1775	739.0	1.0
1776	669.0	6.0
1777	602.0	6.0
1778	584.0	14.0
1779	552.0	12.0
1780	602.0	16.0
1781	601.0	18.0
1782	624.0	9.0
1783	648.0	6.0
1784	650.0	6.0
1785	759.0	13.0
1786	771.0	6.0
1787	772.0	13.0
1788	827.0	13.0
1789	914.0	9.0
1790	796.0	14.0
1791	801.0	20.0
1792	681.0	3.0
1793	646.0	8.0
1794	794.0	12.0
1795	714.0	3.0
1796	601.0	8.0
1797	685.0	4.0
1798	789.0	4.0
1799	617.0	4.0
1800	702.0	10.0
1801	668.0	3.0
1802	574.0	3.0
1803	609.0	5.0
1804	582.0	5.0
1805	556.0	3.0
1806	498.0	3.0
1807	436.0	4.0
1808	497.0	5.0
1809	510.0	6.0
1810	466.0	2.0
1811	496.0	13.0
1812	416.0	19.0
1813	378.0	14.0
1814	465.0	19.0
1815	400.0	18.0
1816	348.0	11.0
1817	344.0	19.0
1818	356.0	16.0
1819	341.0	22.0
1820	390.0	15.0
1821	364.0	12.0
1822	397.0	14.0
1823	405.0	22.0
1824	399.0	13.0
1825	453.0	10.0
1826	454.0	14.0
1827	552.0	11.0
1828	590.0	12.0
1829	595.0	5.0
1830	629.0	12.0
1831	619.0	13.0
1832	701.0	11.0
1833	694.0	12.0
1834	631.0	9.0
1835	573.0	11.0
1836	633.0	11.0
1837	633.0	7.0
1838	561.0	12.0
1839	607.0	6.0
1840	607.0	2.0
1841	625.0	2.0
1842	659.0	10.0
1843	680.0	2.0
1844	652.0	2.0
1845	674.0	2.0
1846	656.0	4.0
1847	628.0	13.0
1848	601.0	22.0
1849	607.0	12.0
1850	563.0	5.0
1851	661.0	11.0
1852	487.0	2.0
1853	449.0	3.0
1854	504.0	10.0
1855	547.0	7.0
1856	479.0	7.0
1857	453.0	7.0
1858	499.0	6.0
1859	519.0	10.0
1860	501.0	9.0
1861	481.0	5.0
1862	459.0	4.0
1863	387.0	7.0
1864	349.0	8.0
1865	383.0	6.0
1866	358.0	7.0
1867	326.0	15.0
1868	276.0	9.0
1869	232.0	6.0
1870	216.0	9.0
1871	221.0	10.0
1872	223.0	9.0
1873	189.0	14.0
1874	214.0	10.0
1875	230.0	17.0
1876	231.0	18.0
1877	212.0	13.0
1878	217.0	27.0
1879	202.0	3.0
1880	183.0	6.0
1881	230.0	6.0
1882	203.0	7.0
1883	183.0	5.0
1884	150.0	5.0
1885	160.0	8.0
1886	146.0	7.0
1887	145.0	4.0
1888	168.0	1.0
1889	151.0	3.0
1890	155.0	2.0
1891	158.0	0.0
1892	213.0	2.0
1893	226.0	1.0
1894	236.0	1.0
1895	252.0	2.0
1896	232.0	1.0
1897	248.0	1.0
1898	273.0	0.0
1899	274.0	1.0
1900	281.0	0.0
1901	284.0	3.0
1902	280.0	6.0
1903	284.0	3.0
1904	326.0	5.0
1905	290.0	4.0
1906	280.0	0.0
1907	241.0	4.0
1908	218.0	1.0
1909	235.0	1.0
1910	237.0	3.0
1911	199.0	5.0
1912	231.0	6.0
1913	260.0	3.0
1914	256.0	6.0
1915	292.0	4.0
1916	335.0	3.0
1917	274.0	6.0
1918	252.0	6.0
1919	267.0	4.0
1920	260.0	10.0
1921	292.0	18.0
1922	301.0	32.0
1923	230.0	11.0
1924	278.0	6.0
1925	243.0	4.0
1926	212.0	1.0
1927	288.0	2.0
1928	213.0	4.0
1929	216.0	2.0
1930	237.0	0.0
1931	138.0	1.0
1932	168.0	2.0
1933	139.0	2.0
1934	107.0	1.0
1935	87.0	17.0
1936	86.0	9.0
1937	101.0	25.0
1938	143.0	8.0
1939	105.0	0.0
1940	99.0	1.0
1941	92.0	1.0
1942	59.0	6.0
1943	111.0	3.0
1944	51.0	0.0
1945	106.0	2.0
1946	92.0	3.0
1947	68.0	3.0
1948	58.0	4.0
1949	62.0	6.0
1950	73.0	6.0
1951	48.0	11.0
1952	51.0	8.0
1953	54.0	8.0
1954	65.0	9.0
1955	72.0	14.0
1956	69.0	10.0
1957	46.0	13.0
1958	57.0	11.0
1959	54.0	3.0
1960	67.0	8.0
1961	78.0	2.0
1962	48.0	5.0
1963	67.0	8.0
1964	58.0	6.0
1965	54.0	7.0
1966	69.0	8.0
1967	67.0	12.0
1968	81.0	12.0
1969	91.0	15.0
1970	91.0	11.0
1971	89.0	8.0
1972	82.0	11.0
1973	57.0	17.0
1974	79.0	15.0
1975	81.0	13.0
1976	82.0	8.0
1977	129.0	3.0
1978	98.0	4.0
1979	136.0	2.0
1980	120.0	2.0
1981	100.0	4.0
1982	77.0	3.0
1983	76.0	3.0
1984	65.0	2.0
1985	70.0	5.0
1986	62.0	5.0
1987	51.0	3.0
1988	66.0	2.0
1989	82.0	4.0
1990	100.0	4.0
1991	90.0	5.0
1992	105.0	4.0
1993	92.0	2.0
1994	92.0	3.0
1995	42.0	6.0
1996	72.0	3.0
1997	43.0	3.0
1998	45.0	6.0
1999	42.0	1.0
