Offset	A	C	G	T	A/T	C/G	A/G	C/T	AA	AC	AG	AT	CA	CC	CG	CT	GA	GC	GG	GT	TA	TC	TG	TT	N	NN
-50	0.336945	0.171261	0.174657	0.317137	0.406722	0.130716	0.264907	0.257773	0.111817	0.074763	0.060084	0.090280	0.054794	0.031539	0.029456	0.055472	0.056378	0.033093	0.036628	0.048559	0.097101	0.063239	0.049274	0.107523	761983.0	761983.0
-49	0.320090	0.202633	0.175442	0.301835	0.411992	0.126957	0.265456	0.225307	0.115779	0.048265	0.060757	0.095288	0.085379	0.034219	0.025918	0.057118	0.051081	0.028982	0.037838	0.057541	0.110918	0.043964	0.056946	0.090006	761983.0	761983.0
-48	0.363158	0.155430	0.181459	0.299953	0.382976	0.128912	0.285946	0.205255	0.108764	0.053451	0.096031	0.104912	0.054980	0.028716	0.033249	0.038485	0.049901	0.035698	0.031250	0.064610	0.091265	0.060018	0.070634	0.078036	761983.0	761983.0
-47	0.304910	0.177883	0.231164	0.286043	0.367929	0.161086	0.250615	0.227425	0.106130	0.060440	0.054278	0.084062	0.054320	0.030670	0.043994	0.048899	0.052348	0.048563	0.037859	0.092394	0.081796	0.051915	0.056391	0.095942	761983.0	761983.0
-46	0.294593	0.191587	0.192523	0.321297	0.366440	0.152824	0.235052	0.234738	0.087406	0.054572	0.057060	0.095555	0.056357	0.041422	0.039286	0.054522	0.052945	0.034475	0.037641	0.067462	0.097094	0.052408	0.085410	0.086385	761983.0	761983.0
-45	0.293802	0.182877	0.219397	0.303924	0.378759	0.144179	0.294564	0.253680	0.103556	0.051960	0.057975	0.080310	0.049157	0.035471	0.035015	0.063234	0.087653	0.028313	0.045380	0.058051	0.090188	0.050271	0.058760	0.104704	761983.0	761983.0
-44	0.330555	0.166016	0.197130	0.306299	0.388145	0.144947	0.297133	0.248944	0.128137	0.073794	0.057696	0.070928	0.061693	0.032631	0.026113	0.045578	0.059157	0.034060	0.052143	0.051770	0.082766	0.064420	0.052799	0.106315	761983.0	761983.0
-43	0.331753	0.204905	0.188751	0.274591	0.391833	0.140280	0.259108	0.230891	0.101173	0.062446	0.048601	0.119533	0.085783	0.042900	0.030112	0.046110	0.070736	0.028670	0.038598	0.050747	0.070974	0.041728	0.061736	0.100153	761983.0	761983.0
-42	0.328666	0.175744	0.179047	0.316542	0.382352	0.140459	0.234913	0.260226	0.083469	0.074347	0.061350	0.109500	0.057911	0.042052	0.028738	0.047043	0.052139	0.031713	0.037955	0.057240	0.088856	0.070604	0.056555	0.100527	761983.0	761983.0
-41	0.282375	0.218716	0.184599	0.314310	0.378825	0.164631	0.252054	0.305390	0.102427	0.052659	0.055215	0.072074	0.051954	0.057005	0.032397	0.077360	0.053300	0.034118	0.041111	0.056069	0.088621	0.055323	0.054664	0.115702	761983.0	761983.0
-40	0.296303	0.199104	0.183387	0.321205	0.373832	0.174144	0.268649	0.228362	0.106327	0.054338	0.057388	0.078250	0.048951	0.043347	0.052329	0.054476	0.058829	0.032363	0.046105	0.046090	0.106909	0.048191	0.083758	0.082347	761983.0	761983.0
-39	0.321016	0.178240	0.239580	0.261163	0.371545	0.179915	0.334586	0.219420	0.141441	0.047685	0.059497	0.072393	0.057451	0.041232	0.033747	0.045809	0.081590	0.052878	0.052058	0.053055	0.066827	0.041494	0.061958	0.090884	761983.0	761983.0
-38	0.347310	0.183289	0.207261	0.262141	0.369700	0.152489	0.301441	0.253998	0.115542	0.064900	0.082394	0.084473	0.049304	0.035601	0.026742	0.071642	0.062142	0.048783	0.041363	0.054972	0.066208	0.043278	0.049178	0.103477	761983.0	761983.0
-37	0.293196	0.192562	0.199678	0.314565	0.392276	0.173848	0.248988	0.263883	0.097097	0.049731	0.059948	0.086421	0.053506	0.032855	0.039417	0.066784	0.050812	0.060444	0.041132	0.047290	0.087226	0.042711	0.063095	0.121533	761983.0	761983.0
-36	0.288642	0.185740	0.203591	0.322027	0.370663	0.144894	0.254042	0.243591	0.090602	0.051842	0.057869	0.088329	0.087365	0.027246	0.028952	0.042177	0.058273	0.041397	0.047299	0.056622	0.079260	0.061696	0.068599	0.112472	761983.0	761983.0
-35	0.315500	0.182181	0.202718	0.299600	0.374854	0.164584	0.266856	0.225383	0.108606	0.071737	0.059297	0.075861	0.061745	0.036002	0.043170	0.041263	0.059186	0.045644	0.039767	0.058121	0.089041	0.046773	0.062441	0.101345	761983.0	761983.0
-34	0.318579	0.200155	0.204675	0.276590	0.367263	0.166913	0.270154	0.228501	0.096740	0.054789	0.067689	0.099362	0.065504	0.036145	0.046097	0.052409	0.060795	0.039741	0.044930	0.059209	0.085759	0.054545	0.050884	0.085402	761983.0	761983.0
-33	0.308798	0.185219	0.209600	0.296382	0.395857	0.179440	0.275221	0.225768	0.109766	0.047582	0.057307	0.094143	0.061074	0.041093	0.037023	0.046030	0.057488	0.050664	0.050660	0.050789	0.097535	0.044232	0.060202	0.094413	761983.0	761983.0
-32	0.325863	0.183571	0.205192	0.285374	0.355623	0.166393	0.272712	0.251815	0.101216	0.092568	0.052237	0.079842	0.051892	0.034482	0.041378	0.055819	0.066213	0.037488	0.053046	0.048446	0.072916	0.059865	0.050943	0.101649	761983.0	761983.0
-31	0.292237	0.224403	0.197604	0.285756	0.326372	0.165430	0.254964	0.257157	0.106195	0.059068	0.055856	0.071118	0.057409	0.055003	0.035304	0.076687	0.051836	0.034047	0.041077	0.070645	0.078456	0.054865	0.081833	0.070603	761983.0	761983.0
-30	0.293896	0.202982	0.214069	0.289052	0.326329	0.164176	0.247432	0.238211	0.088822	0.068939	0.055625	0.080511	0.069815	0.039135	0.038717	0.055315	0.055737	0.039076	0.047248	0.072008	0.081688	0.068454	0.063602	0.075307	761983.0	761983.0
-29	0.296063	0.215603	0.205192	0.283141	0.343421	0.155191	0.259235	0.223722	0.086787	0.068448	0.064383	0.076445	0.089952	0.037977	0.042410	0.045263	0.065420	0.032158	0.042645	0.064969	0.077252	0.037544	0.065408	0.102937	761983.0	761983.0
-28	0.319411	0.176127	0.214847	0.289614	0.372402	0.171863	0.272845	0.244074	0.089431	0.048917	0.086234	0.094829	0.053804	0.051269	0.028612	0.042442	0.051909	0.046712	0.045270	0.070956	0.077836	0.040057	0.061415	0.110306	761983.0	761983.0
-27	0.272981	0.186956	0.221531	0.318532	0.381451	0.151040	0.248814	0.261465	0.088352	0.056768	0.052922	0.074939	0.070385	0.032077	0.038442	0.046052	0.066672	0.039654	0.040867	0.074338	0.082086	0.047262	0.053110	0.136074	761983.0	761983.0
-26	0.307495	0.175761	0.185341	0.331402	0.403804	0.147796	0.269284	0.259142	0.101987	0.051894	0.077083	0.076532	0.053199	0.032035	0.040074	0.050453	0.049991	0.035463	0.040224	0.059664	0.095778	0.047147	0.058970	0.129508	761983.0	761983.0
-25	0.300954	0.166538	0.216351	0.316157	0.394510	0.163909	0.274336	0.253979	0.112163	0.050143	0.052644	0.086005	0.051571	0.034662	0.035335	0.044970	0.061200	0.045582	0.048329	0.061240	0.077882	0.055887	0.063927	0.118461	761983.0	761983.0
-24	0.302815	0.186274	0.200235	0.310675	0.399964	0.164779	0.262304	0.228887	0.095160	0.053832	0.064770	0.089053	0.062595	0.042361	0.035089	0.046231	0.053846	0.038803	0.048527	0.059059	0.112503	0.037047	0.057877	0.103249	761983.0	761983.0
-23	0.324103	0.172042	0.206263	0.297592	0.402228	0.146934	0.261397	0.232632	0.118469	0.060276	0.048204	0.097154	0.057175	0.037292	0.031313	0.046262	0.057811	0.041416	0.036913	0.070124	0.091978	0.054451	0.056535	0.094627	761983.0	761983.0
-22	0.325432	0.193435	0.172966	0.308167	0.398512	0.144966	0.237403	0.227547	0.098918	0.091280	0.047365	0.087869	0.061635	0.037607	0.031520	0.062672	0.049464	0.034183	0.041656	0.047662	0.127839	0.043383	0.053060	0.083885	761983.0	761983.0
-21	0.337857	0.206453	0.173601	0.282089	0.387570	0.154251	0.253230	0.248651	0.108186	0.077529	0.051627	0.100514	0.053518	0.036925	0.041048	0.074962	0.049472	0.032334	0.043945	0.047850	0.081928	0.039822	0.063396	0.096942	761983.0	761983.0
-20	0.293105	0.186610	0.200016	0.320268	0.367405	0.140205	0.250832	0.244187	0.106573	0.061532	0.050921	0.074079	0.063713	0.037681	0.025127	0.060091	0.056156	0.040216	0.037182	0.066462	0.088467	0.048130	0.085386	0.098286	761983.0	761983.0
-19	0.314909	0.187558	0.198616	0.298917	0.372477	0.152380	0.292386	0.238539	0.109441	0.059407	0.068654	0.077407	0.055333	0.045977	0.030372	0.055875	0.074153	0.035892	0.040139	0.048433	0.090978	0.042036	0.071252	0.094650	761983.0	761983.0
-18	0.329905	0.183312	0.210417	0.276366	0.371536	0.159371	0.253419	0.220809	0.093976	0.051548	0.057031	0.127349	0.065003	0.036450	0.030984	0.050876	0.049729	0.039255	0.052682	0.068750	0.075941	0.059214	0.066941	0.074269	761983.0	761983.0
-17	0.284649	0.186467	0.207638	0.321245	0.364395	0.161421	0.261838	0.253990	0.086020	0.051678	0.063312	0.083638	0.055088	0.035711	0.035412	0.060257	0.057669	0.035463	0.054836	0.059671	0.106458	0.069743	0.056765	0.088279	761983.0	761983.0
-16	0.305235	0.192595	0.210325	0.291845	0.372439	0.182495	0.278517	0.246307	0.116008	0.057550	0.051062	0.080616	0.050571	0.058980	0.034219	0.048825	0.064571	0.042420	0.046876	0.056458	0.085205	0.047892	0.068138	0.090610	761983.0	761983.0
-15	0.316355	0.206842	0.200294	0.276509	0.376301	0.175815	0.282627	0.272267	0.125416	0.048584	0.053825	0.088530	0.060167	0.051375	0.033065	0.062235	0.055629	0.043618	0.047757	0.053291	0.065150	0.061452	0.052702	0.097206	761983.0	761983.0
-14	0.306361	0.205028	0.187349	0.301261	0.375415	0.179530	0.259157	0.250419	0.109626	0.051300	0.058807	0.086628	0.061024	0.050753	0.043639	0.049613	0.045980	0.040395	0.044744	0.056231	0.087385	0.058277	0.063823	0.091776	761983.0	761983.0
-13	0.304015	0.200725	0.211013	0.284248	0.353765	0.181316	0.301307	0.235001	0.130977	0.054888	0.052291	0.065858	0.071954	0.046477	0.034951	0.047342	0.055290	0.037139	0.062749	0.055835	0.071906	0.056157	0.071160	0.085024	761983.0	761983.0
-12	0.330127	0.194662	0.221152	0.254059	0.368104	0.201199	0.288684	0.228344	0.109744	0.045766	0.063244	0.111373	0.057136	0.051615	0.039784	0.046126	0.063361	0.057465	0.052335	0.047992	0.071079	0.054694	0.052378	0.075909	761983.0	761983.0
-11	0.301320	0.209540	0.207741	0.281399	0.365449	0.167857	0.271219	0.201133	0.094402	0.048412	0.065546	0.092960	0.079775	0.032368	0.044359	0.053038	0.061067	0.040926	0.050203	0.055545	0.107283	0.044924	0.058388	0.070803	761983.0	761983.0
-10	0.342527	0.166630	0.218497	0.272346	0.378921	0.168579	0.276217	0.213015	0.089585	0.043426	0.080420	0.129096	0.054151	0.030708	0.034104	0.047666	0.057657	0.055211	0.048555	0.057073	0.074399	0.048800	0.063306	0.085840	761983.0	761983.0
-9	0.275792	0.178146	0.226386	0.319676	0.331355	0.172072	0.264863	0.276156	0.103376	0.046555	0.060050	0.065811	0.052016	0.044929	0.039049	0.042152	0.057218	0.043875	0.044219	0.081074	0.065587	0.092494	0.065015	0.096581	761983.0	761983.0
-8	0.278196	0.227853	0.208333	0.285618	0.327788	0.170672	0.268187	0.280958	0.085934	0.046271	0.069134	0.076857	0.066490	0.037960	0.037181	0.086222	0.059403	0.041815	0.053716	0.053399	0.062314	0.054092	0.066529	0.102683	761983.0	761983.0
-7	0.274140	0.180138	0.226560	0.319162	0.337262	0.176896	0.266379	0.251390	0.084529	0.062890	0.062361	0.064360	0.055592	0.046649	0.030384	0.047513	0.069215	0.049590	0.050273	0.057482	0.096979	0.065833	0.064956	0.091394	761983.0	761983.0
-6	0.306315	0.224963	0.207973	0.260749	0.323880	0.179638	0.257623	0.251153	0.086705	0.069679	0.064332	0.085599	0.072507	0.051281	0.036364	0.064811	0.060248	0.045656	0.046337	0.055732	0.069755	0.053240	0.055933	0.081821	761983.0	761983.0
-5	0.289215	0.219855	0.202966	0.287963	0.338861	0.160027	0.247142	0.242667	0.090482	0.067121	0.058487	0.073125	0.068693	0.044748	0.034908	0.071507	0.057761	0.039960	0.040412	0.064833	0.097374	0.048533	0.064177	0.077880	761983.0	761983.0
-4	0.314310	0.200361	0.197983	0.287345	0.341582	0.153818	0.257145	0.262117	0.080041	0.065844	0.080137	0.088288	0.050854	0.035787	0.039032	0.074688	0.054946	0.036979	0.042021	0.064038	0.077390	0.055779	0.058312	0.095863	761983.0	761983.0
-3	0.263232	0.194389	0.219502	0.322877	0.316926	0.186015	0.244390	0.280153	0.075411	0.049831	0.063539	0.074450	0.050278	0.038244	0.045279	0.060588	0.060323	0.057375	0.045116	0.056688	0.074931	0.089188	0.066625	0.092133	761983.0	761983.0
-2	0.260943	0.234638	0.220560	0.283859	0.300516	0.177996	0.247721	0.271244	0.080999	0.053920	0.055386	0.070638	0.086255	0.052417	0.032593	0.063373	0.062885	0.044535	0.048451	0.064689	0.062650	0.069225	0.065756	0.086229	761983.0	761983.0
-1	0.292789	0.220097	0.202186	0.284929	0.292157	0.212656	0.297516	0.236898	0.105630	0.057538	0.075402	0.054219	0.063162	0.063784	0.048495	0.044657	0.053951	0.037845	0.062533	0.047857	0.065064	0.061213	0.091408	0.067244	761983.0	761983.0
0	0.287807	0.220379	0.277837	0.213977	0.262422	0.264575	0.291560	0.211867	0.066344	0.048079	0.078259	0.095125	0.052274	0.047572	0.067488	0.053044	0.065051	0.067609	0.081906	0.063270	0.044490	0.054789	0.058236	0.056462	761983.0	761983.0
1	0.228160	0.218048	0.285890	0.267902	0.245613	0.256161	0.299116	0.244084	0.068671	0.040731	0.068991	0.049768	0.044565	0.063446	0.058115	0.051921	0.080886	0.054031	0.080567	0.070404	0.044825	0.046367	0.094360	0.082350	761983.0	761983.0
2	0.238948	0.204575	0.302034	0.254443	0.254340	0.240399	0.284732	0.233976	0.061726	0.046521	0.066125	0.064576	0.040068	0.054464	0.064382	0.045661	0.080036	0.044707	0.076846	0.100446	0.053408	0.059220	0.067184	0.074630	761983.0	761983.0
3	0.235238	0.204913	0.274536	0.285313	0.286341	0.235862	0.301467	0.208800	0.080402	0.045123	0.054917	0.054795	0.042183	0.036039	0.080411	0.046279	0.085531	0.038795	0.080617	0.069593	0.081419	0.056757	0.077412	0.069725	761983.0	761983.0
4	0.289535	0.176714	0.293358	0.240393	0.249353	0.223594	0.328451	0.199027	0.074708	0.058505	0.092436	0.063886	0.037759	0.035132	0.052046	0.051777	0.068874	0.043984	0.092433	0.088068	0.054695	0.056054	0.073579	0.056064	761983.0	761983.0
5	0.236037	0.193675	0.310494	0.259795	0.226412	0.239871	0.291552	0.220253	0.062033	0.050613	0.064715	0.058676	0.034215	0.027060	0.064721	0.067680	0.091876	0.075163	0.072928	0.070527	0.044616	0.064427	0.089665	0.061087	761983.0	761983.0
6	0.232740	0.217262	0.292029	0.257969	0.254760	0.209810	0.266369	0.236680	0.057244	0.036358	0.062948	0.076191	0.039758	0.028532	0.057995	0.090977	0.076630	0.053736	0.069547	0.092115	0.056123	0.051968	0.084675	0.065202	761983.0	761983.0
7	0.229756	0.170594	0.275165	0.324485	0.229871	0.211093	0.246061	0.237419	0.051777	0.062043	0.059185	0.056751	0.032253	0.032738	0.052254	0.053349	0.065026	0.056027	0.070072	0.084039	0.066457	0.096444	0.106697	0.054887	761983.0	761983.0
8	0.215513	0.247254	0.288209	0.249025	0.194263	0.247899	0.291249	0.233219	0.046715	0.041859	0.083313	0.043626	0.079892	0.030112	0.059541	0.077709	0.064039	0.061064	0.097182	0.065923	0.048582	0.070058	0.075045	0.055340	761983.0	761983.0
9	0.239228	0.203094	0.315081	0.242597	0.203851	0.267125	0.320052	0.229244	0.059514	0.038194	0.096509	0.045012	0.033892	0.052165	0.057287	0.059749	0.088851	0.082495	0.075178	0.068557	0.048387	0.066391	0.076881	0.050938	761983.0	761983.0
10	0.230644	0.239245	0.305855	0.224256	0.221466	0.237568	0.320994	0.241742	0.066664	0.044389	0.072042	0.047548	0.033851	0.047080	0.075994	0.082321	0.113921	0.046128	0.068366	0.077439	0.046983	0.052071	0.064932	0.060270	761983.0	761983.0
11	0.261419	0.189668	0.281334	0.267578	0.281376	0.254422	0.275207	0.243041	0.067837	0.042691	0.054680	0.096211	0.038556	0.044366	0.055506	0.051240	0.072145	0.074004	0.080545	0.054640	0.050895	0.081002	0.069248	0.066433	761983.0	761983.0
12	0.229433	0.242063	0.259980	0.268524	0.247139	0.201985	0.283790	0.232529	0.070341	0.046215	0.057085	0.055791	0.089006	0.050561	0.038926	0.063570	0.090184	0.046319	0.066179	0.057298	0.047727	0.045118	0.102400	0.073280	761983.0	761983.0
13	0.297259	0.188213	0.264590	0.249939	0.280126	0.222346	0.354585	0.225582	0.083859	0.043321	0.095959	0.074120	0.043005	0.036177	0.045534	0.063497	0.071146	0.037014	0.103622	0.052808	0.055812	0.059574	0.068218	0.066335	761983.0	761983.0
14	0.253822	0.176085	0.313332	0.256760	0.282765	0.199222	0.291699	0.218561	0.077074	0.045611	0.066508	0.064629	0.042738	0.037202	0.040126	0.056020	0.076101	0.049879	0.072016	0.115336	0.064362	0.048640	0.067058	0.076700	761983.0	761983.0
15	0.260276	0.181332	0.245708	0.312684	0.323394	0.173014	0.267998	0.259301	0.073557	0.065965	0.049909	0.070845	0.037639	0.040368	0.033986	0.069339	0.081376	0.035503	0.063156	0.065672	0.088679	0.059281	0.074411	0.090313	761983.0	761983.0
16	0.281250	0.201117	0.221463	0.296169	0.287665	0.182963	0.301970	0.250196	0.079458	0.051488	0.086434	0.063870	0.041396	0.043178	0.042215	0.074328	0.072905	0.034397	0.063173	0.050988	0.070610	0.058963	0.092870	0.073726	761983.0	761983.0
17	0.264369	0.188027	0.284691	0.262913	0.284810	0.213977	0.348222	0.234495	0.103397	0.049463	0.056667	0.054842	0.049462	0.044236	0.043500	0.050829	0.105842	0.043926	0.082315	0.052607	0.053638	0.066498	0.069845	0.072932	761983.0	761983.0
18	0.312339	0.204123	0.252327	0.231211	0.295354	0.169324	0.286303	0.208089	0.083956	0.063399	0.081662	0.083322	0.069721	0.035452	0.032591	0.066358	0.057449	0.038044	0.063236	0.093598	0.067470	0.045672	0.057463	0.060606	761983.0	761983.0
19	0.278595	0.182567	0.234953	0.303885	0.322095	0.157585	0.249502	0.219632	0.077650	0.061329	0.065131	0.074485	0.058076	0.028764	0.041935	0.053791	0.058394	0.038559	0.048327	0.089674	0.095673	0.062789	0.071135	0.074288	761983.0	761983.0
20	0.289793	0.191441	0.226529	0.292237	0.321498	0.181108	0.287349	0.258624	0.073108	0.059413	0.087432	0.069839	0.057378	0.039212	0.035957	0.058894	0.071557	0.050686	0.055252	0.049034	0.066311	0.048278	0.065408	0.112240	761983.0	761983.0
21	0.268354	0.197590	0.244050	0.290006	0.289584	0.177458	0.296780	0.276148	0.078886	0.045989	0.073477	0.070002	0.053778	0.039480	0.041055	0.063277	0.092746	0.045253	0.051670	0.054380	0.054625	0.087320	0.061991	0.086071	761983.0	761983.0
22	0.280035	0.218042	0.228193	0.273731	0.290119	0.186087	0.264695	0.254276	0.077668	0.066276	0.069492	0.066599	0.055323	0.039817	0.041851	0.081050	0.071302	0.058186	0.046232	0.052472	0.065037	0.052593	0.075285	0.080815	761983.0	761983.0
23	0.269330	0.216872	0.232861	0.280937	0.296686	0.202965	0.256397	0.225420	0.081737	0.051302	0.051597	0.084695	0.058324	0.034747	0.066550	0.057251	0.076469	0.055073	0.046594	0.054724	0.059524	0.062690	0.087991	0.070731	761983.0	761983.0
24	0.276053	0.203813	0.252733	0.267401	0.325099	0.194979	0.277334	0.235930	0.083624	0.050770	0.049606	0.092053	0.063018	0.038417	0.044395	0.057983	0.083986	0.052050	0.060118	0.056579	0.075461	0.065570	0.052409	0.073961	761983.0	761983.0
25	0.306090	0.206806	0.206528	0.280576	0.322400	0.179992	0.260705	0.248348	0.084759	0.083316	0.066756	0.071259	0.054211	0.036371	0.057884	0.058340	0.060163	0.036709	0.049027	0.060629	0.073174	0.060429	0.053765	0.093208	761983.0	761983.0
26	0.272307	0.216825	0.227433	0.283435	0.322864	0.213933	0.265913	0.267569	0.099660	0.054653	0.047404	0.070590	0.056807	0.062369	0.043038	0.054611	0.056206	0.045883	0.062643	0.062701	0.075242	0.073216	0.057605	0.077373	761983.0	761983.0
27	0.287915	0.236121	0.210690	0.265275	0.319838	0.168745	0.274912	0.263037	0.098702	0.061177	0.056127	0.071908	0.070141	0.034292	0.039998	0.091690	0.060450	0.034822	0.059633	0.055785	0.075357	0.063185	0.052862	0.073870	761983.0	761983.0
28	0.304650	0.193477	0.208620	0.293253	0.312027	0.171426	0.273636	0.226191	0.092587	0.078225	0.065992	0.067845	0.065143	0.038796	0.035501	0.054037	0.054891	0.036964	0.060165	0.056600	0.073273	0.055038	0.086621	0.078321	761983.0	761983.0
29	0.285895	0.209023	0.248280	0.256802	0.308643	0.168405	0.307898	0.233213	0.088287	0.064584	0.067756	0.065268	0.065058	0.044431	0.037511	0.062022	0.104875	0.039483	0.046980	0.056942	0.076227	0.047897	0.053816	0.078861	761983.0	761983.0
30	0.334447	0.196395	0.206064	0.263094	0.360683	0.181480	0.250456	0.242648	0.098196	0.089406	0.047046	0.099799	0.056337	0.045954	0.035156	0.058949	0.053380	0.048538	0.051833	0.052312	0.074906	0.049964	0.050442	0.087781	761983.0	761983.0
31	0.282820	0.233862	0.184477	0.298841	0.340739	0.178942	0.231745	0.256086	0.083556	0.061062	0.069351	0.068852	0.061276	0.049010	0.047264	0.076313	0.042034	0.045863	0.036805	0.059774	0.105599	0.048031	0.062479	0.082732	761983.0	761983.0
32	0.292465	0.203966	0.215899	0.287670	0.352041	0.162536	0.269028	0.259158	0.105824	0.051479	0.051605	0.083557	0.054131	0.043292	0.038091	0.068452	0.073712	0.043265	0.037888	0.061034	0.070467	0.055222	0.069789	0.092192	761983.0	761983.0
33	0.304134	0.193258	0.197373	0.305235	0.326048	0.161963	0.256763	0.246705	0.091275	0.084704	0.062534	0.065621	0.054497	0.049768	0.037757	0.051236	0.061994	0.033478	0.040960	0.060941	0.088646	0.065196	0.070887	0.080506	761983.0	761983.0
34	0.296412	0.233146	0.212139	0.258304	0.338540	0.170988	0.266041	0.265831	0.107729	0.066487	0.053153	0.069042	0.069666	0.044816	0.030150	0.088514	0.052610	0.043473	0.052548	0.063507	0.073219	0.043952	0.052583	0.088549	761983.0	761983.0
35	0.303225	0.198729	0.188435	0.309612	0.335160	0.157620	0.257103	0.231695	0.094090	0.055850	0.068559	0.084725	0.073159	0.037825	0.037259	0.050485	0.048984	0.037066	0.045470	0.056915	0.077347	0.064387	0.088880	0.078998	761983.0	761983.0
36	0.293580	0.195129	0.240168	0.271123	0.355532	0.183986	0.294951	0.223972	0.096464	0.048819	0.054643	0.093654	0.067015	0.055781	0.032406	0.039927	0.090289	0.042244	0.053555	0.054080	0.082703	0.045554	0.060156	0.082711	761983.0	761983.0
37	0.336471	0.192397	0.200760	0.270372	0.390721	0.174776	0.291803	0.231987	0.134842	0.060323	0.056900	0.084406	0.046823	0.046973	0.044534	0.054067	0.051844	0.035051	0.048218	0.065648	0.085506	0.044979	0.053920	0.085968	761983.0	761983.0
38	0.319014	0.187326	0.203571	0.290089	0.345450	0.171744	0.280609	0.248902	0.120755	0.071302	0.055308	0.071649	0.048670	0.049309	0.035387	0.053959	0.052945	0.035447	0.051601	0.063579	0.066232	0.058819	0.078224	0.086814	761983.0	761983.0
39	0.288602	0.214877	0.220519	0.276001	0.316197	0.206230	0.290732	0.268032	0.098375	0.054379	0.077036	0.058812	0.055404	0.067782	0.038450	0.053241	0.070078	0.054755	0.045244	0.050443	0.067398	0.055396	0.061595	0.091612	761983.0	761983.0
40	0.291255	0.232312	0.222324	0.254109	0.299390	0.216605	0.283345	0.263039	0.081238	0.063969	0.073718	0.072330	0.060445	0.056424	0.038888	0.076556	0.043864	0.036769	0.084524	0.057167	0.064869	0.049106	0.059181	0.080953	761983.0	761983.0
41	0.250416	0.206267	0.256311	0.287005	0.322170	0.183885	0.233038	0.247486	0.078701	0.048640	0.047802	0.075273	0.053160	0.052913	0.038843	0.061350	0.063728	0.049321	0.042807	0.100455	0.084595	0.049622	0.069188	0.083600	761983.0	761983.0
42	0.280185	0.200497	0.198640	0.320679	0.378888	0.176399	0.246792	0.249041	0.083805	0.059236	0.059633	0.077511	0.060843	0.046243	0.047476	0.045935	0.057524	0.036850	0.045830	0.058436	0.102224	0.041515	0.061592	0.115348	761983.0	761983.0
43	0.304395	0.183844	0.214531	0.297230	0.345691	0.153393	0.252347	0.260625	0.096968	0.075805	0.057995	0.073628	0.061766	0.031560	0.033094	0.057424	0.050768	0.042123	0.046617	0.075024	0.067486	0.064032	0.058102	0.107610	761983.0	761983.0
44	0.276988	0.213519	0.195808	0.313685	0.315814	0.172075	0.253062	0.270439	0.082197	0.056180	0.073859	0.064752	0.059146	0.061963	0.030825	0.061585	0.051535	0.033816	0.045471	0.064986	0.076376	0.054401	0.090419	0.092489	761983.0	761983.0
45	0.269254	0.206360	0.240574	0.283812	0.309176	0.169693	0.252974	0.266417	0.087003	0.051295	0.056551	0.074405	0.048256	0.046036	0.033307	0.078762	0.050348	0.031278	0.059072	0.099876	0.069507	0.063357	0.072687	0.078262	761983.0	761983.0
46	0.255113	0.191966	0.221616	0.331304	0.314918	0.152095	0.236239	0.249177	0.081713	0.053971	0.053083	0.066347	0.065938	0.032270	0.029728	0.064030	0.054988	0.043643	0.046455	0.076531	0.079856	0.065875	0.098570	0.087002	761983.0	761983.0
47	0.282496	0.195759	0.227836	0.293909	0.311872	0.200781	0.237744	0.257653	0.077776	0.070444	0.066713	0.067563	0.055853	0.052453	0.038006	0.049447	0.055836	0.072903	0.037419	0.061677	0.076932	0.066152	0.061224	0.089600	761983.0	761983.0
48	0.266397	0.261952	0.203363	0.268288	0.309348	0.178692	0.236764	0.259489	0.083704	0.054071	0.058276	0.070347	0.069851	0.037023	0.059839	0.095240	0.052565	0.039611	0.042219	0.068967	0.075839	0.047767	0.065223	0.079458	761983.0	761983.0
49	0.281959	0.178472	0.225556	0.314012	0.360289	0.166896	0.256416	0.259221	0.094106	0.057634	0.054895	0.075325	0.054618	0.042927	0.030194	0.050733	0.048079	0.034438	0.059337	0.083703	0.067813	0.042514	0.080640	0.123046	761983.0	761983.0
50	0.264615	0.177513	0.225065	0.332807	0.342598	0.155074	0.250835	0.257791	0.091640	0.056848	0.049610	0.066517	0.062144	0.030075	0.036884	0.048409	0.063288	0.041817	0.046298	0.073663	0.080321	0.075185	0.073180	0.104120	761983.0	761983.0
51	0.297392	0.203926	0.205972	0.292710	0.335580	0.162042	0.278479	0.240305	0.101943	0.061576	0.069104	0.064769	0.086564	0.035787	0.030184	0.051391	0.049571	0.038210	0.057861	0.060331	0.075160	0.059420	0.064423	0.093707	761983.0	761983.0
52	0.313238	0.194993	0.221572	0.270198	0.322125	0.177066	0.279598	0.251008	0.111709	0.072321	0.063188	0.066021	0.057022	0.044459	0.039074	0.054437	0.051957	0.040787	0.052745	0.076083	0.065522	0.073239	0.052563	0.078873	761983.0	761983.0
53	0.286210	0.230806	0.207570	0.275414	0.349344	0.175220	0.255960	0.261116	0.108106	0.049193	0.056101	0.072810	0.073611	0.048568	0.044344	0.064284	0.046581	0.037137	0.045172	0.078680	0.070638	0.050475	0.056512	0.097790	761983.0	761983.0
54	0.298936	0.185373	0.202128	0.313563	0.359692	0.160035	0.250919	0.275507	0.082726	0.054877	0.060051	0.101282	0.055681	0.035492	0.038563	0.055638	0.063788	0.041627	0.044354	0.052359	0.066079	0.074773	0.063106	0.109605	761983.0	761983.0
55	0.268274	0.206768	0.206074	0.318884	0.343227	0.188006	0.254315	0.277307	0.101206	0.045357	0.048123	0.073588	0.069574	0.041379	0.045298	0.050518	0.044349	0.040691	0.060638	0.060396	0.076973	0.093950	0.056501	0.091460	761983.0	761983.0
56	0.292101	0.221376	0.210560	0.275963	0.340157	0.184337	0.282536	0.261489	0.099576	0.047195	0.066399	0.078931	0.071494	0.066784	0.031947	0.051152	0.072561	0.041606	0.044001	0.052392	0.067411	0.049313	0.064999	0.094240	761983.0	761983.0
57	0.311041	0.204898	0.207346	0.276715	0.357331	0.169682	0.263956	0.232108	0.097526	0.058715	0.062305	0.092496	0.075937	0.038670	0.035595	0.054695	0.056926	0.048218	0.047199	0.055003	0.085015	0.056447	0.052958	0.082294	761983.0	761983.0
58	0.315405	0.202050	0.198057	0.284488	0.359610	0.172443	0.278022	0.245986	0.113605	0.050996	0.074082	0.076722	0.062206	0.052875	0.037749	0.049220	0.050495	0.041979	0.039841	0.065743	0.077166	0.051773	0.063432	0.092118	761983.0	761983.0
59	0.303471	0.197623	0.215103	0.283803	0.341788	0.163593	0.262270	0.252013	0.098406	0.061811	0.059822	0.083432	0.052509	0.040042	0.046030	0.059042	0.061142	0.034622	0.042900	0.076440	0.071565	0.064545	0.059308	0.088385	761983.0	761983.0
60	0.283622	0.201019	0.208060	0.307300	0.369229	0.190311	0.258788	0.264640	0.100654	0.051177	0.050715	0.081075	0.055348	0.058827	0.034368	0.052476	0.061845	0.051543	0.045573	0.049098	0.101292	0.067130	0.052670	0.086207	761983.0	761983.0
61	0.319140	0.228677	0.183327	0.268856	0.362982	0.170573	0.229821	0.264784	0.089257	0.066848	0.049055	0.113980	0.067345	0.047565	0.046270	0.067496	0.053333	0.038561	0.038177	0.053256	0.069599	0.059576	0.049535	0.090146	761983.0	761983.0
62	0.279534	0.212551	0.183037	0.324879	0.361469	0.157343	0.246715	0.277885	0.108487	0.051963	0.048893	0.070191	0.051215	0.046834	0.033754	0.080747	0.053464	0.040884	0.035871	0.052817	0.091069	0.058581	0.083506	0.091723	761983.0	761983.0
63	0.304235	0.198263	0.202024	0.295478	0.336383	0.143659	0.257428	0.245578	0.087986	0.053825	0.084969	0.077454	0.069096	0.036935	0.030166	0.062066	0.044643	0.036728	0.039830	0.080823	0.079497	0.055131	0.069404	0.091446	761983.0	761983.0
64	0.281221	0.182620	0.224370	0.311789	0.338019	0.157695	0.256225	0.242051	0.091797	0.058037	0.056073	0.075314	0.050261	0.043511	0.040173	0.048674	0.067096	0.032753	0.041258	0.083263	0.073317	0.052274	0.088607	0.097591	761983.0	761983.0
65	0.282471	0.186575	0.226111	0.304843	0.349980	0.183450	0.283080	0.268258	0.094828	0.058238	0.054829	0.074576	0.053930	0.037959	0.031387	0.063299	0.057127	0.037809	0.076296	0.054879	0.078016	0.064440	0.059827	0.102560	761983.0	761983.0
66	0.283901	0.198445	0.222338	0.295315	0.341156	0.198612	0.251351	0.236723	0.105147	0.057390	0.052380	0.068984	0.074884	0.052189	0.029724	0.041649	0.048359	0.071235	0.045464	0.057279	0.082292	0.058152	0.070138	0.084733	761983.0	761983.0
67	0.310681	0.238966	0.197707	0.252646	0.359190	0.174605	0.300272	0.229656	0.128880	0.046601	0.057419	0.077783	0.088725	0.048346	0.045521	0.056374	0.065826	0.032590	0.048148	0.051143	0.072499	0.044907	0.055211	0.080029	761983.0	761983.0
68	0.355929	0.172443	0.206299	0.265329	0.385489	0.162826	0.333421	0.220716	0.146757	0.059953	0.066620	0.082600	0.051896	0.042807	0.032733	0.045008	0.062785	0.030027	0.057260	0.056227	0.070641	0.047411	0.061786	0.085491	761983.0	761983.0
69	0.332078	0.180197	0.218399	0.269326	0.361198	0.187735	0.313462	0.227859	0.119335	0.061100	0.077504	0.074139	0.045998	0.038850	0.044123	0.051226	0.056118	0.044257	0.060505	0.057518	0.079689	0.049749	0.051853	0.088035	761983.0	761983.0
70	0.301141	0.193956	0.233986	0.270918	0.363044	0.183652	0.261705	0.258905	0.100324	0.056811	0.048168	0.095838	0.055900	0.057462	0.025371	0.055223	0.066820	0.054426	0.046393	0.066345	0.070061	0.049399	0.054638	0.096821	761983.0	761983.0
71	0.293105	0.218098	0.174570	0.314227	0.384115	0.143335	0.254587	0.262150	0.104346	0.052470	0.053050	0.083239	0.071095	0.041224	0.032887	0.072893	0.055867	0.027901	0.041324	0.049477	0.109187	0.060692	0.057007	0.087342	761983.0	761983.0
72	0.340496	0.182286	0.184267	0.292951	0.384597	0.153148	0.264074	0.267014	0.098221	0.075800	0.060606	0.105869	0.052458	0.037101	0.033509	0.059219	0.053821	0.031114	0.051425	0.047907	0.064739	0.054926	0.057518	0.115768	761983.0	761983.0
73	0.269240	0.198940	0.203058	0.328762	0.362643	0.162233	0.243872	0.304954	0.083772	0.064295	0.048178	0.072994	0.052810	0.041067	0.039322	0.065742	0.067760	0.037683	0.044161	0.053454	0.072625	0.064894	0.057991	0.133252	761983.0	761983.0
74	0.276967	0.207939	0.189653	0.325442	0.368970	0.175438	0.259913	0.307730	0.093251	0.050718	0.060445	0.072553	0.049808	0.058475	0.038901	0.060755	0.060437	0.032283	0.045779	0.051153	0.072027	0.057361	0.064915	0.131139	761983.0	761983.0
75	0.275523	0.198836	0.210040	0.315600	0.371346	0.129836	0.258556	0.284600	0.094552	0.056745	0.045750	0.078476	0.063210	0.026842	0.026108	0.082676	0.075179	0.033812	0.043074	0.057975	0.072348	0.049111	0.068171	0.125970	761983.0	761983.0
76	0.305289	0.166510	0.183104	0.345097	0.409110	0.125793	0.232539	0.294574	0.098498	0.053483	0.049114	0.104194	0.053563	0.032573	0.028469	0.051905	0.050464	0.030288	0.034463	0.067889	0.074174	0.077851	0.060828	0.132244	761983.0	761983.0
77	0.276699	0.194195	0.172874	0.356232	0.341733	0.154542	0.235232	0.298858	0.093436	0.057484	0.058751	0.067028	0.055265	0.064518	0.023043	0.051369	0.047878	0.031813	0.035167	0.058016	0.071467	0.073170	0.101794	0.109802	761983.0	761983.0
78	0.268047	0.226985	0.218754	0.286214	0.350525	0.173339	0.244057	0.278379	0.095841	0.051258	0.049593	0.071355	0.080356	0.047290	0.025549	0.073790	0.059766	0.061643	0.038857	0.058488	0.067100	0.041069	0.061815	0.116230	761983.0	761983.0
79	0.303063	0.201260	0.175814	0.319863	0.424449	0.150692	0.237319	0.274778	0.103676	0.050712	0.051715	0.096960	0.056311	0.035909	0.039007	0.070033	0.043498	0.037346	0.038430	0.056539	0.098455	0.043477	0.052572	0.125358	761983.0	761983.0
80	0.301940	0.167445	0.181725	0.348891	0.435239	0.132398	0.265010	0.273074	0.116143	0.050388	0.058318	0.077091	0.063777	0.031747	0.028175	0.043745	0.049521	0.031447	0.041028	0.059728	0.093914	0.049491	0.057395	0.148091	761983.0	761983.0
81	0.323355	0.163073	0.184916	0.328656	0.418576	0.152707	0.276341	0.262986	0.116874	0.058503	0.059727	0.088251	0.044920	0.033984	0.029292	0.054878	0.048657	0.038349	0.051083	0.046828	0.085280	0.045954	0.069251	0.128171	761983.0	761983.0
82	0.295731	0.176789	0.209352	0.318128	0.382392	0.141229	0.286831	0.240684	0.119503	0.047825	0.053600	0.074804	0.062724	0.037215	0.026192	0.050657	0.072019	0.036112	0.041710	0.059512	0.085272	0.049998	0.080044	0.102813	761983.0	761983.0
83	0.339518	0.171151	0.201545	0.287786	0.386446	0.132328	0.289424	0.228787	0.109366	0.056908	0.084022	0.089222	0.064194	0.037632	0.024393	0.044931	0.052821	0.027089	0.043215	0.078420	0.083060	0.041426	0.058503	0.104798	761983.0	761983.0
84	0.309441	0.163055	0.210132	0.317372	0.389938	0.135098	0.259315	0.264121	0.103637	0.055123	0.065003	0.085678	0.052188	0.033427	0.023651	0.053789	0.048946	0.036290	0.041729	0.083167	0.070478	0.046761	0.069988	0.130145	761983.0	761983.0
85	0.275249	0.171601	0.200372	0.352778	0.364198	0.142317	0.257752	0.256049	0.095761	0.050333	0.054529	0.074626	0.068264	0.031898	0.025344	0.046094	0.060154	0.037765	0.047309	0.055144	0.078905	0.063150	0.095817	0.114907	761983.0	761983.0
86	0.303083	0.183146	0.223000	0.290772	0.381968	0.160057	0.264237	0.248809	0.122563	0.048804	0.049181	0.082535	0.070775	0.037662	0.019692	0.055017	0.054474	0.064684	0.038019	0.065823	0.074277	0.053537	0.060365	0.102593	761983.0	761983.0
87	0.322089	0.204687	0.167257	0.305967	0.388330	0.123744	0.251510	0.267131	0.098387	0.049645	0.066957	0.107100	0.086906	0.036723	0.020713	0.060345	0.046337	0.026480	0.039829	0.054611	0.086694	0.073912	0.049211	0.096150	761983.0	761983.0
88	0.318323	0.186760	0.176710	0.318207	0.417085	0.125889	0.268728	0.246618	0.124215	0.051185	0.055215	0.087708	0.057929	0.032489	0.026431	0.069911	0.050760	0.028431	0.038538	0.058982	0.111445	0.050501	0.062543	0.093717	761983.0	761983.0
89	0.344349	0.162606	0.182727	0.310318	0.386132	0.134374	0.293426	0.242841	0.113579	0.057262	0.089453	0.084054	0.058482	0.032989	0.022683	0.048453	0.047063	0.035371	0.043332	0.056962	0.082011	0.054912	0.066907	0.106488	761983.0	761983.0
90	0.301134	0.180534	0.222375	0.295957	0.355230	0.137382	0.275393	0.216670	0.086528	0.057198	0.066229	0.091179	0.067221	0.036118	0.027398	0.049798	0.081075	0.032305	0.041561	0.067433	0.092898	0.046131	0.072303	0.084624	761983.0	761983.0
91	0.327723	0.171752	0.207492	0.293034	0.409521	0.154749	0.290568	0.228996	0.135256	0.052709	0.060955	0.078802	0.052462	0.028734	0.034556	0.056000	0.049690	0.046792	0.044666	0.066343	0.091600	0.040400	0.057172	0.103862	761983.0	761983.0
92	0.329009	0.168635	0.197350	0.305007	0.407241	0.152845	0.280783	0.242369	0.110964	0.056970	0.072297	0.088778	0.045731	0.043718	0.021201	0.057986	0.053485	0.043889	0.044036	0.055938	0.104042	0.037208	0.060299	0.103458	761983.0	761983.0
93	0.314222	0.181785	0.197834	0.306159	0.385442	0.120675	0.272248	0.243357	0.090166	0.059928	0.062894	0.101235	0.061738	0.026516	0.023939	0.069592	0.079563	0.030595	0.039624	0.048051	0.097189	0.050396	0.061722	0.096853	761983.0	761983.0
94	0.328656	0.167435	0.188179	0.315730	0.371594	0.125853	0.241167	0.251597	0.085648	0.085317	0.057581	0.100110	0.065416	0.029083	0.025064	0.047872	0.055353	0.029121	0.042585	0.061119	0.077117	0.065923	0.063971	0.108719	761983.0	761983.0
95	0.283534	0.209444	0.189201	0.317821	0.367524	0.127655	0.236882	0.271749	0.091493	0.051500	0.047191	0.093350	0.087150	0.037787	0.023649	0.060858	0.057970	0.025991	0.040228	0.065012	0.076422	0.066844	0.068295	0.106260	761983.0	761983.0
96	0.313035	0.182122	0.179364	0.325480	0.407093	0.129790	0.239029	0.271467	0.087909	0.051434	0.048535	0.125156	0.052844	0.030153	0.035003	0.064122	0.063238	0.025287	0.039347	0.051492	0.079542	0.062706	0.068746	0.114485	761983.0	761983.0
97	0.283533	0.169580	0.191632	0.355256	0.392435	0.140952	0.242511	0.282123	0.088646	0.052800	0.055150	0.086936	0.046531	0.031576	0.039612	0.051861	0.063983	0.035032	0.034732	0.057884	0.086955	0.068789	0.069614	0.129898	761983.0	761983.0
98	0.286115	0.188197	0.199108	0.326579	0.391341	0.150782	0.233768	0.233579	0.088236	0.050160	0.051157	0.096563	0.072128	0.036480	0.029687	0.049903	0.054804	0.045044	0.039570	0.059689	0.107525	0.048178	0.071859	0.099018	761983.0	761983.0
99	0.322692	0.179862	0.192273	0.305172	0.392690	0.147591	0.247752	0.255874	0.088670	0.047407	0.070541	0.116075	0.048735	0.032796	0.036427	0.061904	0.048450	0.038276	0.040091	0.065456	0.083187	0.056416	0.060811	0.104758	761983.0	761983.0
100	0.269041	0.174895	0.207871	0.348193	0.392040	0.153896	0.247893	0.238782	0.090125	0.047966	0.056850	0.074100	0.058531	0.035834	0.024053	0.056476	0.059773	0.052865	0.041144	0.054089	0.138136	0.056793	0.063585	0.089679	761983.0	761983.0
101	0.346565	0.193457	0.185633	0.274345	0.387013	0.141461	0.303714	0.246362	0.130339	0.055727	0.072377	0.088123	0.064900	0.036984	0.024058	0.067515	0.050840	0.030261	0.050159	0.054374	0.075143	0.048456	0.057337	0.093408	761983.0	761983.0
102	0.321222	0.171428	0.203931	0.303419	0.387389	0.162376	0.275996	0.261317	0.114423	0.052699	0.073093	0.081007	0.046529	0.039442	0.030026	0.055432	0.046554	0.050983	0.041926	0.064469	0.079628	0.054111	0.057348	0.112332	761983.0	761983.0
103	0.287132	0.197235	0.202393	0.313239	0.381011	0.138861	0.238920	0.272724	0.094883	0.070147	0.044945	0.077158	0.051867	0.033569	0.027424	0.084375	0.055201	0.033976	0.043892	0.069324	0.107824	0.053634	0.050635	0.101147	761983.0	761983.0
104	0.309775	0.191326	0.166896	0.332003	0.386762	0.135315	0.258787	0.281988	0.112963	0.050349	0.053383	0.093080	0.074735	0.039483	0.026113	0.050995	0.050156	0.027435	0.042284	0.047021	0.073475	0.084267	0.067017	0.107244	761983.0	761983.0
105	0.311330	0.201533	0.188798	0.298339	0.407660	0.156658	0.279805	0.291400	0.130339	0.044445	0.049596	0.086951	0.049820	0.057274	0.027312	0.067127	0.058870	0.031072	0.041001	0.057856	0.073503	0.050131	0.057837	0.116867	761983.0	761983.0
106	0.312532	0.182921	0.175745	0.328801	0.426234	0.157766	0.270068	0.262421	0.139334	0.043815	0.047909	0.081474	0.044796	0.038522	0.043005	0.056598	0.046615	0.040030	0.036209	0.052891	0.099630	0.061504	0.061871	0.105796	761983.0	761983.0
107	0.330375	0.183870	0.188995	0.296760	0.418349	0.148159	0.283438	0.255498	0.146398	0.056169	0.039593	0.088215	0.046248	0.048325	0.026652	0.062646	0.058920	0.034656	0.038527	0.056892	0.093317	0.054108	0.058916	0.090419	761983.0	761983.0
108	0.344883	0.193258	0.163687	0.298172	0.417679	0.139729	0.254578	0.271866	0.118416	0.050762	0.056701	0.119004	0.060499	0.053184	0.027148	0.052428	0.048735	0.028671	0.030726	0.055555	0.077931	0.063927	0.053987	0.102328	761983.0	761983.0
109	0.305580	0.196544	0.168562	0.329314	0.414879	0.145448	0.211851	0.297698	0.094166	0.051317	0.041464	0.118633	0.052651	0.053425	0.029774	0.060694	0.045837	0.031866	0.030384	0.060475	0.093867	0.075365	0.051869	0.108214	761983.0	761983.0
110	0.286521	0.211973	0.153490	0.348016	0.431170	0.138676	0.217375	0.284380	0.098196	0.048064	0.043610	0.096650	0.067400	0.039019	0.032568	0.072986	0.038979	0.030499	0.036590	0.047422	0.115816	0.051869	0.059824	0.120507	761983.0	761983.0
111	0.320392	0.169451	0.172592	0.337565	0.434906	0.121541	0.263062	0.279536	0.120046	0.049886	0.057936	0.092524	0.041413	0.033568	0.027858	0.066613	0.048757	0.023792	0.036324	0.063719	0.096490	0.053510	0.061719	0.125845	761983.0	761983.0
112	0.306706	0.160756	0.183836	0.348702	0.423362	0.126681	0.228484	0.254154	0.087275	0.062891	0.048893	0.107647	0.048445	0.029984	0.025865	0.056462	0.052055	0.030572	0.040261	0.060949	0.114247	0.053514	0.066747	0.114194	761983.0	761983.0
113	0.302021	0.176961	0.181767	0.339252	0.392636	0.127196	0.239207	0.267768	0.090132	0.072537	0.054504	0.084848	0.048716	0.028888	0.034961	0.064395	0.062025	0.030800	0.032547	0.056395	0.096514	0.053344	0.068252	0.121142	761983.0	761983.0
114	0.297387	0.185568	0.190264	0.326780	0.401586	0.136243	0.229100	0.264518	0.094610	0.062096	0.050424	0.090258	0.053820	0.038282	0.027452	0.066015	0.049097	0.035540	0.034969	0.070658	0.113090	0.056593	0.053468	0.103628	761983.0	761983.0
115	0.310617	0.192511	0.166313	0.330559	0.423928	0.144897	0.238056	0.240592	0.110004	0.052308	0.044063	0.104242	0.057500	0.038376	0.041879	0.054756	0.050723	0.031375	0.033267	0.050949	0.123305	0.061083	0.059794	0.086377	761983.0	761983.0
116	0.341531	0.183142	0.179003	0.296324	0.407349	0.130260	0.246301	0.258297	0.118177	0.062171	0.046876	0.114307	0.057139	0.032289	0.027599	0.066114	0.047366	0.036490	0.033881	0.061265	0.076227	0.061256	0.060203	0.098637	761983.0	761983.0
117	0.298910	0.192206	0.168560	0.340324	0.405520	0.127547	0.217531	0.263106	0.093093	0.053719	0.044607	0.107491	0.064700	0.030384	0.034919	0.062203	0.047779	0.030192	0.032052	0.058537	0.091834	0.057416	0.077972	0.113102	761983.0	761983.0
118	0.297406	0.171711	0.189550	0.341333	0.424464	0.146078	0.253205	0.228447	0.107466	0.049136	0.045727	0.095077	0.060067	0.032860	0.030931	0.047853	0.058524	0.040797	0.041489	0.048740	0.131117	0.056930	0.062482	0.090804	761983.0	761983.0
119	0.357173	0.179724	0.180629	0.282473	0.424855	0.140062	0.280451	0.247424	0.127068	0.050148	0.064856	0.115101	0.048025	0.045359	0.028292	0.058049	0.052963	0.030847	0.035564	0.061255	0.085804	0.047135	0.052653	0.096881	761983.0	761983.0
120	0.313860	0.173489	0.181365	0.331286	0.414329	0.145801	0.234571	0.257359	0.084484	0.054694	0.054896	0.119786	0.053262	0.046636	0.026414	0.047177	0.061995	0.039555	0.033196	0.046619	0.095017	0.048502	0.072723	0.115043	761983.0	761983.0
121	0.294757	0.189387	0.187230	0.328625	0.378873	0.135813	0.241466	0.245432	0.092738	0.055537	0.050312	0.096170	0.064599	0.037173	0.028591	0.059025	0.058480	0.030114	0.039935	0.058701	0.091110	0.050379	0.088281	0.098855	761983.0	761983.0
122	0.306927	0.173202	0.207120	0.312751	0.381499	0.131877	0.281414	0.251933	0.103811	0.052676	0.061459	0.088981	0.060197	0.037612	0.025609	0.049783	0.077768	0.030279	0.038376	0.060697	0.078562	0.054392	0.069651	0.110146	761983.0	761983.0
123	0.320338	0.174959	0.195096	0.309607	0.424082	0.147606	0.274528	0.242940	0.130168	0.047614	0.046422	0.096133	0.055968	0.039927	0.033963	0.045101	0.063764	0.039542	0.034174	0.057617	0.097899	0.058030	0.053796	0.099881	761983.0	761983.0
124	0.347799	0.185113	0.168355	0.298732	0.416060	0.150396	0.262839	0.238899	0.122243	0.051363	0.050184	0.124009	0.063579	0.042051	0.034436	0.045047	0.049302	0.032797	0.041111	0.045145	0.078441	0.060434	0.068490	0.091367	761983.0	761983.0
125	0.313565	0.186646	0.194221	0.305568	0.399592	0.134128	0.243391	0.221412	0.088621	0.058601	0.048817	0.117525	0.074217	0.030177	0.038463	0.043790	0.062608	0.022144	0.043345	0.066125	0.101298	0.055298	0.056825	0.092148	761983.0	761983.0
126	0.326744	0.166219	0.187450	0.319587	0.431420	0.124690	0.258574	0.259355	0.110018	0.068869	0.047075	0.100782	0.047712	0.032736	0.024339	0.061432	0.056928	0.023062	0.044553	0.062907	0.097191	0.041758	0.057209	0.123429	761983.0	761983.0
127	0.311849	0.166425	0.173176	0.348550	0.414789	0.130734	0.250657	0.234105	0.112531	0.060626	0.052733	0.085959	0.055541	0.038133	0.029313	0.043438	0.047277	0.025172	0.038115	0.062612	0.120331	0.056566	0.075685	0.095968	761983.0	761983.0
128	0.335679	0.180497	0.195847	0.287976	0.395500	0.149746	0.271417	0.235257	0.131272	0.064202	0.050491	0.089715	0.065349	0.043750	0.030792	0.040606	0.051205	0.036754	0.038450	0.069439	0.078713	0.055101	0.058362	0.095800	761983.0	761983.0
129	0.326539	0.199808	0.178095	0.295559	0.391673	0.156336	0.254020	0.244117	0.090331	0.052777	0.069733	0.113698	0.065933	0.052837	0.034851	0.046186	0.055772	0.030463	0.038185	0.053676	0.099284	0.056735	0.051181	0.088359	761983.0	761983.0
130	0.311321	0.192811	0.193949	0.301919	0.402181	0.158681	0.239549	0.261100	0.098561	0.062513	0.049768	0.100479	0.064662	0.047963	0.030087	0.050100	0.054181	0.043592	0.037039	0.059138	0.087917	0.047813	0.050964	0.115224	761983.0	761983.0
131	0.305320	0.201881	0.167858	0.324940	0.424462	0.129565	0.248948	0.264440	0.115820	0.051258	0.052798	0.085444	0.051858	0.034174	0.033056	0.082793	0.047025	0.029030	0.033305	0.058499	0.130752	0.055027	0.046715	0.092446	761983.0	761983.0
132	0.345455	0.169489	0.165874	0.319182	0.387181	0.114739	0.250828	0.242302	0.111835	0.094091	0.059096	0.080434	0.057312	0.031334	0.024691	0.056152	0.049645	0.028461	0.030253	0.057514	0.105817	0.065721	0.058549	0.089095	761983.0	761983.0
133	0.324610	0.219607	0.172588	0.283195	0.366785	0.126315	0.260163	0.249616	0.099217	0.068273	0.063163	0.093956	0.082805	0.044498	0.023627	0.068677	0.064163	0.024570	0.033620	0.050235	0.084902	0.047731	0.061853	0.088709	761983.0	761983.0
134	0.331087	0.185072	0.182263	0.301578	0.365427	0.118875	0.257780	0.260352	0.088645	0.078137	0.084225	0.080081	0.062721	0.034768	0.023760	0.063823	0.056424	0.031860	0.028486	0.065492	0.087124	0.052184	0.052693	0.109577	761983.0	761983.0
135	0.294913	0.196949	0.189164	0.318973	0.378948	0.130221	0.233564	0.267451	0.089020	0.071240	0.056710	0.077943	0.062591	0.036830	0.035677	0.061852	0.053422	0.023302	0.034412	0.078028	0.094074	0.050858	0.056130	0.117911	761983.0	761983.0
136	0.299108	0.182231	0.182928	0.335733	0.404838	0.136351	0.262428	0.236702	0.095242	0.053023	0.066320	0.084522	0.058983	0.030511	0.027128	0.065609	0.052090	0.029936	0.048775	0.052126	0.125700	0.041207	0.069452	0.099375	761983.0	761983.0
137	0.332015	0.154678	0.211675	0.301631	0.382813	0.137814	0.246083	0.233134	0.110991	0.087649	0.051373	0.082003	0.049870	0.033782	0.028029	0.042997	0.045550	0.037833	0.038170	0.090123	0.087692	0.054228	0.057584	0.102127	761983.0	761983.0
138	0.294102	0.213492	0.175156	0.317250	0.397241	0.141835	0.230903	0.277252	0.086711	0.054216	0.061324	0.091851	0.066761	0.040316	0.034085	0.072330	0.049451	0.034018	0.033417	0.058270	0.095045	0.040972	0.057598	0.123634	761983.0	761983.0
139	0.297969	0.169522	0.186424	0.346085	0.427865	0.137443	0.243676	0.282995	0.111282	0.047281	0.049757	0.089649	0.054709	0.038287	0.029243	0.047283	0.051471	0.038746	0.031166	0.065041	0.088938	0.059428	0.059723	0.137997	761983.0	761983.0
140	0.306399	0.183742	0.169890	0.339970	0.414142	0.126001	0.246992	0.275795	0.113367	0.051810	0.052844	0.088379	0.066335	0.033472	0.031190	0.052745	0.047851	0.028410	0.032930	0.060698	0.089024	0.066206	0.061368	0.123372	761983.0	761983.0
141	0.316578	0.179898	0.178331	0.325194	0.372993	0.126830	0.246306	0.245240	0.087052	0.058287	0.075336	0.095902	0.075381	0.038271	0.023867	0.042379	0.049212	0.029986	0.034705	0.064427	0.088061	0.062613	0.072542	0.101977	761983.0	761983.0
142	0.299706	0.189158	0.206451	0.304685	0.405911	0.166454	0.262985	0.254580	0.123837	0.049328	0.043574	0.082966	0.061441	0.052050	0.026806	0.048861	0.050421	0.042446	0.045152	0.068432	0.085578	0.040141	0.065437	0.113529	761983.0	761983.0
143	0.321278	0.183965	0.180970	0.313788	0.402754	0.118257	0.258418	0.252702	0.122599	0.065162	0.053695	0.079822	0.061269	0.030935	0.028178	0.063583	0.053354	0.030375	0.028770	0.068471	0.097941	0.055791	0.057663	0.102393	761983.0	761983.0
144	0.335162	0.182263	0.168306	0.314269	0.427385	0.140239	0.256272	0.255634	0.124408	0.063906	0.047736	0.099112	0.053102	0.044523	0.030455	0.054182	0.047320	0.028453	0.036808	0.055724	0.098313	0.051378	0.059028	0.105551	761983.0	761983.0
145	0.323144	0.188260	0.174026	0.314570	0.418121	0.158284	0.259238	0.261726	0.121793	0.055277	0.052075	0.093999	0.048846	0.060058	0.027524	0.051832	0.048606	0.033938	0.036765	0.054718	0.099860	0.047369	0.064873	0.102468	761983.0	761983.0
146	0.319106	0.196641	0.181236	0.303017	0.405919	0.149009	0.270181	0.248969	0.133160	0.055129	0.047400	0.083417	0.052680	0.043589	0.030522	0.069851	0.048798	0.034076	0.040822	0.057541	0.101799	0.047987	0.065689	0.087543	761983.0	761983.0
147	0.336437	0.180780	0.184433	0.298350	0.427248	0.146383	0.253269	0.256731	0.113000	0.055190	0.050862	0.117385	0.052404	0.036150	0.029711	0.062515	0.045855	0.036969	0.043552	0.058056	0.083567	0.044770	0.056716	0.113296	761983.0	761983.0
148	0.294827	0.173080	0.180841	0.351252	0.404886	0.141961	0.237663	0.246650	0.104160	0.062057	0.043763	0.084847	0.050439	0.035506	0.039492	0.047643	0.058068	0.035292	0.031671	0.055810	0.097129	0.044752	0.090621	0.118749	761983.0	761983.0
149	0.309797	0.177606	0.205548	0.307049	0.410853	0.135742	0.262432	0.255506	0.110667	0.049207	0.061085	0.088838	0.053426	0.039052	0.035387	0.049741	0.057413	0.028036	0.033267	0.086831	0.084607	0.039971	0.055730	0.126742	761983.0	761983.0
150	0.306113	0.156266	0.185469	0.352152	0.448662	0.129008	0.238455	0.231506	0.102594	0.047174	0.046025	0.110320	0.051613	0.037156	0.023254	0.044244	0.051023	0.029785	0.038813	0.065847	0.126965	0.041324	0.075080	0.108783	761983.0	761983.0
151	0.332195	0.155439	0.183172	0.329194	0.421095	0.121953	0.254094	0.222630	0.102056	0.049031	0.063108	0.118000	0.053474	0.033712	0.028684	0.039569	0.057332	0.027959	0.031598	0.066284	0.093755	0.042065	0.086090	0.107283	761983.0	761983.0
152	0.306617	0.152767	0.209480	0.331136	0.421280	0.125945	0.248385	0.242372	0.111832	0.062390	0.046509	0.085886	0.046770	0.034705	0.028234	0.043057	0.054735	0.027696	0.035309	0.091740	0.095223	0.036270	0.071305	0.128339	761983.0	761983.0
153	0.308559	0.161061	0.181357	0.349022	0.434796	0.130701	0.251637	0.253600	0.117306	0.058731	0.043141	0.089381	0.044725	0.036237	0.029436	0.050663	0.058907	0.032745	0.032283	0.057423	0.107918	0.046510	0.074403	0.120190	761983.0	761983.0
154	0.328856	0.174223	0.179264	0.317657	0.386595	0.144476	0.232861	0.252214	0.101287	0.074554	0.056384	0.096631	0.055105	0.040119	0.030356	0.048643	0.044353	0.043164	0.030837	0.060911	0.087844	0.062620	0.066360	0.100833	761983.0	761983.0
155	0.288589	0.220456	0.183937	0.307017	0.380540	0.134898	0.243547	0.256436	0.110269	0.050672	0.050342	0.077306	0.067954	0.032901	0.030520	0.089081	0.050581	0.039122	0.032355	0.061879	0.097786	0.039275	0.074777	0.095179	761983.0	761983.0
156	0.326590	0.161969	0.187995	0.323446	0.403799	0.134849	0.259301	0.220994	0.126555	0.049333	0.055180	0.095522	0.056180	0.029432	0.030137	0.046220	0.046391	0.044105	0.031175	0.066324	0.090911	0.054531	0.087192	0.090810	761983.0	761983.0
157	0.320037	0.177402	0.203684	0.298877	0.379810	0.131086	0.264894	0.257233	0.110783	0.056681	0.066633	0.085940	0.053800	0.042374	0.024531	0.056697	0.051370	0.028073	0.036108	0.088133	0.087033	0.062109	0.053681	0.096053	761983.0	761983.0
158	0.302987	0.189237	0.180953	0.326824	0.385461	0.141985	0.271950	0.252335	0.128254	0.050211	0.052493	0.072029	0.061223	0.036027	0.031755	0.060231	0.058089	0.041089	0.033114	0.048661	0.089817	0.060715	0.080930	0.095362	761983.0	761983.0
159	0.337383	0.188042	0.198292	0.276283	0.364176	0.155189	0.266148	0.227602	0.108758	0.070196	0.065645	0.092784	0.055701	0.039019	0.041687	0.051635	0.046265	0.029002	0.045480	0.077545	0.084203	0.058517	0.055132	0.078431	761983.0	761983.0
160	0.294927	0.196734	0.207944	0.300395	0.377127	0.161035	0.254638	0.221106	0.100219	0.063238	0.055337	0.076133	0.085212	0.041727	0.027931	0.041864	0.054782	0.047077	0.044300	0.061785	0.113470	0.050210	0.049411	0.087305	761983.0	761983.0
161	0.353682	0.202251	0.176979	0.267087	0.375821	0.166334	0.290071	0.245643	0.130776	0.070912	0.069626	0.082368	0.052272	0.062480	0.027802	0.059697	0.052086	0.038469	0.037582	0.048841	0.082016	0.042805	0.061605	0.080661	761983.0	761983.0
162	0.317150	0.214668	0.196616	0.271566	0.376255	0.167256	0.245369	0.242364	0.096708	0.052140	0.053377	0.114925	0.062374	0.040759	0.039385	0.072149	0.041767	0.033594	0.053517	0.067738	0.084262	0.049096	0.057849	0.080360	761983.0	761983.0
163	0.285111	0.175589	0.204128	0.335172	0.394253	0.152906	0.261951	0.247054	0.091761	0.061448	0.054035	0.077868	0.051285	0.042623	0.028158	0.053524	0.068019	0.033989	0.048136	0.053984	0.132188	0.058471	0.052076	0.092436	761983.0	761983.0
164	0.343252	0.196531	0.182406	0.277812	0.397518	0.154698	0.267913	0.242095	0.107865	0.051156	0.062473	0.121759	0.065530	0.050224	0.024682	0.056094	0.050155	0.032371	0.047421	0.052459	0.079686	0.047567	0.062350	0.088209	761983.0	761983.0
165	0.303235	0.181318	0.196926	0.318522	0.382300	0.143543	0.261928	0.240631	0.104525	0.051434	0.051240	0.096036	0.058084	0.042224	0.031355	0.049655	0.067496	0.031296	0.038668	0.059466	0.089873	0.056887	0.079895	0.091866	761983.0	761983.0
166	0.319978	0.181841	0.201158	0.297022	0.404954	0.136474	0.273224	0.244211	0.119394	0.068624	0.043647	0.088314	0.064177	0.038362	0.026249	0.053054	0.073519	0.035199	0.036665	0.055776	0.095971	0.051521	0.048256	0.101275	761983.0	761983.0
167	0.353060	0.193705	0.154816	0.298419	0.405943	0.138709	0.259772	0.238967	0.116100	0.067365	0.066028	0.103568	0.071355	0.039123	0.034506	0.048722	0.044664	0.032099	0.032981	0.045072	0.085923	0.050770	0.061373	0.100353	761983.0	761983.0
168	0.318041	0.189357	0.194888	0.297714	0.400719	0.159888	0.281366	0.233139	0.126183	0.055135	0.050964	0.085759	0.070620	0.033179	0.043296	0.042262	0.052156	0.031350	0.052063	0.059319	0.085543	0.054463	0.054474	0.103235	761983.0	761983.0
169	0.334501	0.174127	0.200797	0.290575	0.412776	0.160471	0.284510	0.226702	0.130990	0.061801	0.053625	0.088086	0.053272	0.045946	0.031868	0.043042	0.056860	0.039620	0.043036	0.061281	0.093167	0.037182	0.059693	0.100532	761983.0	761983.0
170	0.334288	0.184549	0.188222	0.292941	0.426642	0.131195	0.236732	0.237840	0.100633	0.063041	0.046237	0.124377	0.060193	0.038161	0.026669	0.059526	0.051453	0.027956	0.038409	0.070404	0.101245	0.039766	0.051543	0.100387	761983.0	761983.0
171	0.313524	0.168924	0.162858	0.354694	0.393067	0.140272	0.247734	0.258628	0.107013	0.068071	0.058390	0.080050	0.051859	0.045473	0.026900	0.044691	0.044165	0.029733	0.038166	0.050794	0.096599	0.059059	0.089632	0.109404	761983.0	761983.0
172	0.299637	0.202337	0.213087	0.284939	0.383249	0.162244	0.237497	0.258439	0.112946	0.055887	0.044370	0.086434	0.062609	0.041526	0.029400	0.068802	0.042170	0.053307	0.038011	0.079599	0.080566	0.044808	0.056262	0.103303	761983.0	761983.0
173	0.298291	0.195528	0.168043	0.338137	0.418483	0.146607	0.249760	0.250281	0.106891	0.066731	0.051235	0.073435	0.078067	0.044963	0.029942	0.042556	0.049743	0.029810	0.041892	0.046598	0.124937	0.049542	0.050438	0.113220	761983.0	761983.0
174	0.359638	0.191046	0.173506	0.275809	0.420278	0.159637	0.294627	0.224960	0.150079	0.060068	0.050247	0.099244	0.063593	0.050355	0.037996	0.039102	0.051560	0.028545	0.042741	0.050660	0.079633	0.044181	0.060673	0.091322	761983.0	761983.0
175	0.344866	0.183150	0.191657	0.280328	0.404391	0.140602	0.259865	0.225382	0.112228	0.065344	0.055468	0.111825	0.065891	0.038391	0.029733	0.049135	0.051783	0.032093	0.040385	0.067395	0.086356	0.043875	0.056115	0.093981	761983.0	761983.0
176	0.316259	0.179702	0.181702	0.322337	0.372823	0.148099	0.250218	0.207291	0.098773	0.070158	0.065553	0.081776	0.072303	0.037439	0.032326	0.037633	0.043391	0.035832	0.042502	0.059978	0.111131	0.051075	0.078987	0.081144	761983.0	761983.0
177	0.325598	0.194503	0.219368	0.260531	0.382716	0.154854	0.280996	0.201998	0.110970	0.055021	0.055774	0.103833	0.086989	0.029547	0.034658	0.043309	0.076151	0.052548	0.038101	0.052568	0.083608	0.044837	0.047781	0.084305	761983.0	761983.0
178	0.357718	0.181953	0.176314	0.284016	0.425256	0.131206	0.295661	0.242164	0.130096	0.056625	0.069910	0.101088	0.066495	0.039933	0.030951	0.044574	0.063054	0.027721	0.032602	0.052937	0.083037	0.046622	0.043321	0.111035	761983.0	761983.0
179	0.342682	0.170900	0.176783	0.309634	0.418729	0.140342	0.282031	0.260137	0.130941	0.058730	0.070664	0.082347	0.050476	0.032576	0.038122	0.049727	0.046141	0.035360	0.034284	0.060997	0.085444	0.057839	0.046355	0.119996	761983.0	761983.0
180	0.313003	0.184504	0.189425	0.313067	0.415932	0.128221	0.238858	0.258424	0.101051	0.060705	0.050193	0.101055	0.056160	0.029480	0.034484	0.064381	0.053823	0.030465	0.033792	0.071345	0.094322	0.045060	0.054181	0.119504	761983.0	761983.0
181	0.305356	0.165710	0.172650	0.356285	0.409936	0.132529	0.266329	0.254663	0.121205	0.049555	0.062121	0.072475	0.051341	0.037805	0.032927	0.043636	0.052186	0.030980	0.030817	0.058667	0.117381	0.074347	0.065683	0.098875	761983.0	761983.0
182	0.342113	0.192687	0.191548	0.273653	0.414362	0.151885	0.293850	0.247437	0.150027	0.057029	0.051652	0.083405	0.049626	0.035066	0.038712	0.069282	0.055953	0.041888	0.036219	0.057488	0.079075	0.041233	0.051489	0.101855	761983.0	761983.0
183	0.334681	0.175217	0.178072	0.312031	0.445188	0.132192	0.259262	0.253785	0.116762	0.049316	0.046935	0.121667	0.046290	0.040872	0.022574	0.065480	0.062595	0.035776	0.032969	0.046732	0.109312	0.049985	0.055286	0.097447	761983.0	761983.0
184	0.334959	0.175950	0.157765	0.331326	0.462271	0.127950	0.257250	0.236873	0.125920	0.050437	0.051193	0.107409	0.049119	0.035442	0.037270	0.054119	0.047749	0.022851	0.032388	0.054777	0.127198	0.045568	0.056816	0.101744	761983.0	761983.0
185	0.349987	0.154297	0.177667	0.318049	0.413927	0.129558	0.270956	0.232596	0.108739	0.050369	0.081525	0.109354	0.047782	0.028990	0.023022	0.054504	0.046773	0.043627	0.033919	0.053348	0.111652	0.064920	0.057295	0.084182	761983.0	761983.0
186	0.314945	0.187906	0.195762	0.301387	0.393136	0.137561	0.245519	0.241163	0.093485	0.055976	0.064893	0.100591	0.057698	0.043405	0.027694	0.059109	0.047665	0.026986	0.039476	0.081634	0.107121	0.046710	0.055618	0.091939	761983.0	761983.0
187	0.305969	0.173077	0.187680	0.333274	0.414219	0.128866	0.253987	0.283645	0.099451	0.057008	0.056447	0.093062	0.046823	0.035346	0.023203	0.067706	0.065333	0.037563	0.032755	0.052029	0.096072	0.054959	0.056609	0.125634	761983.0	761983.0
188	0.307679	0.184876	0.169014	0.338431	0.420553	0.140959	0.241158	0.259478	0.103542	0.050459	0.050348	0.103330	0.050359	0.040652	0.033648	0.060217	0.045460	0.024851	0.041808	0.056895	0.115828	0.060757	0.063994	0.097853	761983.0	761983.0
189	0.315189	0.176719	0.189797	0.318295	0.399012	0.126696	0.269698	0.250049	0.129820	0.056833	0.047714	0.080822	0.052001	0.030721	0.034038	0.059959	0.064196	0.033969	0.027968	0.063664	0.090698	0.061697	0.068229	0.097671	761983.0	761983.0
190	0.336715	0.183221	0.177948	0.302117	0.389688	0.135402	0.253310	0.242818	0.108649	0.079327	0.055543	0.093195	0.055240	0.040712	0.030384	0.056884	0.058177	0.033366	0.030940	0.055464	0.096345	0.053722	0.060551	0.091499	761983.0	761983.0
191	0.318411	0.207127	0.177419	0.297043	0.376222	0.153740	0.233321	0.275641	0.103220	0.068921	0.051613	0.094657	0.055104	0.060546	0.024255	0.067222	0.046107	0.036557	0.032381	0.062373	0.086379	0.055907	0.062791	0.091967	761983.0	761983.0
192	0.290810	0.221931	0.171041	0.316218	0.382767	0.171685	0.223728	0.273782	0.096614	0.061805	0.044731	0.087661	0.074469	0.064883	0.027068	0.055512	0.042326	0.039677	0.040057	0.048980	0.093477	0.048371	0.069355	0.105015	761983.0	761983.0
193	0.306886	0.214736	0.181210	0.297168	0.375659	0.145081	0.251575	0.282601	0.101879	0.061161	0.058273	0.085573	0.058022	0.039839	0.028145	0.088729	0.044976	0.030649	0.046447	0.059138	0.087183	0.053008	0.055953	0.101025	761983.0	761983.0
194	0.292060	0.184658	0.188818	0.334464	0.405247	0.139561	0.238415	0.240034	0.087736	0.049995	0.055966	0.098364	0.058150	0.045578	0.029077	0.051853	0.066294	0.036486	0.028419	0.057618	0.131744	0.055201	0.060117	0.087402	761983.0	761983.0
195	0.343924	0.187260	0.173579	0.295238	0.417970	0.132055	0.244519	0.233062	0.106972	0.076953	0.047701	0.112298	0.063705	0.031065	0.029226	0.063264	0.047668	0.029586	0.042178	0.054147	0.105072	0.045105	0.051433	0.093628	761983.0	761983.0
196	0.323417	0.182709	0.170538	0.323337	0.386039	0.126541	0.258176	0.244900	0.092342	0.066827	0.074516	0.089732	0.076613	0.029522	0.027909	0.048665	0.055237	0.033030	0.036081	0.046190	0.091410	0.054159	0.065213	0.112555	761983.0	761983.0
197	0.315603	0.183537	0.203718	0.297142	0.401875	0.155766	0.267255	0.242848	0.102212	0.055270	0.055064	0.103056	0.057390	0.045027	0.032582	0.048538	0.066440	0.034618	0.043539	0.059122	0.092077	0.044753	0.055782	0.104530	761983.0	761983.0
198	0.318119	0.179668	0.186967	0.315246	0.385221	0.124450	0.270477	0.248496	0.110442	0.062151	0.062307	0.083218	0.064536	0.036667	0.025472	0.052993	0.065036	0.029619	0.032692	0.059621	0.099845	0.067120	0.056566	0.091716	761983.0	761983.0
199	0.339858	0.195557	0.177037	0.287548	0.397987	0.168911	0.259103	0.227235	0.130576	0.066047	0.046970	0.096265	0.050510	0.040644	0.054669	0.049733	0.043763	0.035804	0.037793	0.059676	0.080542	0.046254	0.070149	0.090603	761983.0	761983.0
