Offset	A	C	G	T	A/T	C/G	A/G	C/T	AA	AC	AG	AT	CA	CC	CG	CT	GA	GC	GG	GT	TA	TC	TG	TT	N	NN
-50	0.307767	0.188589	0.206357	0.297287	0.371130	0.157929	0.270072	0.243271	0.103186	0.055953	0.061380	0.087248	0.061771	0.037327	0.033301	0.056190	0.058778	0.040573	0.046728	0.060278	0.084331	0.053388	0.063202	0.096365	130628.0	130628.0
-49	0.308066	0.187242	0.204612	0.300081	0.370403	0.158098	0.270126	0.243087	0.101762	0.056856	0.062284	0.087164	0.060385	0.037741	0.033530	0.055585	0.058938	0.039685	0.047142	0.058846	0.085908	0.054192	0.064412	0.095569	130628.0	130628.0
-48	0.306994	0.188474	0.207367	0.297164	0.370365	0.159866	0.268756	0.241847	0.104074	0.056114	0.060033	0.086773	0.061403	0.038192	0.033722	0.055157	0.058211	0.041515	0.046437	0.061204	0.084117	0.053097	0.064550	0.095401	130628.0	130628.0
-47	0.307805	0.188918	0.204742	0.298535	0.369232	0.156766	0.268220	0.243164	0.103446	0.058249	0.060500	0.085610	0.061633	0.038346	0.033163	0.055777	0.058961	0.039945	0.045312	0.060523	0.084308	0.053174	0.065185	0.095868	130628.0	130628.0
-46	0.308349	0.189714	0.204160	0.297777	0.368681	0.158014	0.266245	0.242590	0.101977	0.058670	0.060623	0.087079	0.061005	0.039004	0.033683	0.056022	0.058188	0.039869	0.045457	0.060645	0.085097	0.053036	0.065116	0.094528	130628.0	130628.0
-45	0.306267	0.190579	0.204880	0.298274	0.367012	0.159843	0.266689	0.244289	0.101257	0.057928	0.061174	0.085908	0.060362	0.039004	0.034319	0.056894	0.057928	0.040190	0.046330	0.060431	0.085120	0.053664	0.064764	0.094727	130628.0	130628.0
-44	0.304667	0.190786	0.206587	0.297961	0.365358	0.160042	0.267569	0.243799	0.101678	0.057913	0.060201	0.084875	0.061312	0.039341	0.034189	0.055945	0.059260	0.040083	0.046430	0.060814	0.084140	0.053848	0.065308	0.094666	130628.0	130628.0
-43	0.306389	0.191184	0.206127	0.296299	0.364631	0.160570	0.270822	0.243814	0.102176	0.058410	0.061932	0.083872	0.061151	0.039945	0.033752	0.056336	0.060048	0.040206	0.046667	0.059206	0.083152	0.052102	0.065614	0.095431	130628.0	130628.0
-42	0.306527	0.190664	0.207965	0.294845	0.365151	0.163212	0.270111	0.242995	0.102053	0.057162	0.061151	0.086161	0.060324	0.040137	0.034020	0.056182	0.058448	0.040596	0.048458	0.060462	0.083198	0.052937	0.064971	0.093739	130628.0	130628.0
-41	0.304024	0.190832	0.208600	0.296544	0.363827	0.164490	0.270800	0.242406	0.102712	0.057285	0.060569	0.083458	0.059880	0.039356	0.035391	0.056205	0.059291	0.041515	0.048229	0.059566	0.084469	0.053656	0.065231	0.093188	130628.0	130628.0
-40	0.306351	0.191812	0.209419	0.292418	0.361599	0.166534	0.272200	0.241097	0.102199	0.056917	0.061985	0.085250	0.059803	0.040573	0.035750	0.055685	0.060041	0.042234	0.047976	0.059168	0.082517	0.053205	0.065063	0.091634	130628.0	130628.0
-39	0.304560	0.192930	0.210774	0.291737	0.360130	0.166595	0.272246	0.241074	0.101334	0.056167	0.061978	0.085081	0.061005	0.041002	0.035153	0.055769	0.060638	0.042143	0.048297	0.059696	0.081499	0.052087	0.065935	0.092216	130628.0	130628.0
-38	0.304475	0.191398	0.211364	0.292763	0.363643	0.167744	0.273356	0.244304	0.103462	0.056205	0.061809	0.082999	0.059467	0.041101	0.034656	0.056175	0.058931	0.042832	0.049155	0.060446	0.082027	0.051872	0.063708	0.095156	130628.0	130628.0
-37	0.303886	0.192011	0.209327	0.294776	0.362204	0.165998	0.271037	0.243684	0.100859	0.056244	0.062429	0.084354	0.059803	0.040030	0.035215	0.056963	0.059574	0.042579	0.048175	0.059000	0.082371	0.052072	0.065713	0.094620	130628.0	130628.0
-36	0.302607	0.190924	0.211532	0.294937	0.361439	0.165118	0.271244	0.241962	0.100683	0.055180	0.062667	0.084078	0.061036	0.039325	0.035283	0.055279	0.059735	0.042349	0.048160	0.061289	0.082287	0.052967	0.065292	0.094390	130628.0	130628.0
-35	0.303740	0.189821	0.211402	0.295036	0.360780	0.165983	0.272361	0.241771	0.101249	0.056948	0.062598	0.082945	0.060661	0.039938	0.035398	0.053825	0.059168	0.041300	0.049346	0.061587	0.082027	0.053449	0.065001	0.094559	130628.0	130628.0
-34	0.303105	0.191636	0.212343	0.292916	0.357588	0.167384	0.271695	0.239933	0.099527	0.058104	0.063807	0.081667	0.061717	0.038146	0.036179	0.055593	0.058686	0.043383	0.049675	0.060600	0.082524	0.052324	0.064198	0.093870	130628.0	130628.0
-33	0.302454	0.191957	0.213859	0.291729	0.359096	0.170017	0.272086	0.240331	0.100024	0.056642	0.062552	0.083236	0.060133	0.040321	0.036164	0.055340	0.059941	0.043965	0.049568	0.060385	0.082678	0.051513	0.064381	0.093158	130628.0	130628.0
-32	0.302776	0.192440	0.212665	0.292120	0.358200	0.166343	0.268013	0.241763	0.099267	0.057453	0.061633	0.084423	0.060370	0.039854	0.034763	0.057453	0.059107	0.043720	0.048007	0.061832	0.082126	0.052072	0.065537	0.092384	130628.0	130628.0
-31	0.300870	0.193098	0.209940	0.296093	0.359953	0.166756	0.269023	0.241771	0.098210	0.056703	0.062858	0.083099	0.061648	0.039838	0.036302	0.055310	0.059413	0.042074	0.048542	0.059911	0.083918	0.051895	0.065553	0.094727	130628.0	130628.0
-30	0.303189	0.190510	0.213254	0.293046	0.359004	0.167583	0.270907	0.237797	0.098807	0.057247	0.064710	0.082425	0.061442	0.039012	0.036409	0.053649	0.058946	0.043720	0.048443	0.062146	0.083642	0.051007	0.064266	0.094130	130628.0	130628.0
-29	0.302837	0.190985	0.213829	0.292349	0.359242	0.166350	0.272729	0.237637	0.099136	0.056711	0.064634	0.082356	0.061947	0.038491	0.036363	0.054184	0.060554	0.043092	0.048405	0.061778	0.083351	0.050563	0.064037	0.094398	130628.0	130628.0
-28	0.304988	0.188857	0.213438	0.292717	0.359571	0.165301	0.271986	0.240400	0.099251	0.057338	0.064213	0.084186	0.060018	0.038790	0.035046	0.055004	0.059482	0.042426	0.049040	0.062490	0.082103	0.052577	0.064006	0.094030	130628.0	130628.0
-27	0.300854	0.191131	0.212305	0.295710	0.361431	0.165003	0.270026	0.242674	0.099757	0.055432	0.061832	0.083833	0.061365	0.038583	0.034449	0.056734	0.060010	0.043543	0.048428	0.060324	0.083351	0.052868	0.065001	0.094490	130628.0	130628.0
-26	0.304483	0.190426	0.209710	0.295381	0.362357	0.163648	0.271305	0.241127	0.100269	0.056971	0.063639	0.083604	0.060875	0.038881	0.034472	0.056198	0.058793	0.041691	0.048604	0.060623	0.084905	0.052470	0.064427	0.093579	130628.0	130628.0
-25	0.304843	0.190013	0.211142	0.294003	0.358683	0.166450	0.273571	0.236565	0.101908	0.056190	0.063845	0.082900	0.062712	0.037932	0.035398	0.053970	0.058533	0.043834	0.049285	0.059490	0.083520	0.054307	0.065820	0.090356	130628.0	130628.0
-24	0.306672	0.192264	0.214349	0.286715	0.356937	0.166167	0.273716	0.238992	0.100315	0.057063	0.063876	0.085418	0.062490	0.038629	0.035337	0.055807	0.060232	0.042908	0.049293	0.061916	0.078766	0.052117	0.063394	0.092438	130628.0	130628.0
-23	0.301804	0.190717	0.211899	0.295580	0.356723	0.166641	0.269307	0.242528	0.098639	0.057178	0.063042	0.082945	0.060791	0.039302	0.035146	0.055478	0.058732	0.043299	0.048895	0.060975	0.081621	0.054230	0.066211	0.093517	130628.0	130628.0
-22	0.299783	0.194009	0.213293	0.292916	0.351617	0.168662	0.269230	0.242965	0.097789	0.057139	0.063126	0.081728	0.063126	0.039731	0.035437	0.055715	0.058846	0.044026	0.049469	0.060952	0.079700	0.055118	0.065698	0.092400	130628.0	130628.0
-21	0.299461	0.196015	0.213729	0.290795	0.350813	0.171571	0.269307	0.241173	0.098310	0.056764	0.062414	0.081973	0.062927	0.041209	0.037511	0.054368	0.059604	0.043873	0.048979	0.061273	0.078590	0.053656	0.066609	0.091940	130628.0	130628.0
-20	0.299430	0.195502	0.215513	0.289555	0.348884	0.170492	0.268365	0.240607	0.097093	0.057124	0.063080	0.082134	0.062337	0.040780	0.036631	0.055754	0.059137	0.044026	0.049055	0.063294	0.078880	0.053296	0.066601	0.090777	130628.0	130628.0
-19	0.297448	0.195226	0.215367	0.291959	0.348639	0.170538	0.269521	0.242398	0.097276	0.056420	0.063799	0.079952	0.062169	0.040298	0.037350	0.055409	0.060247	0.044692	0.048198	0.062230	0.079332	0.054613	0.065935	0.092078	130628.0	130628.0
-18	0.299025	0.196022	0.215283	0.289670	0.345715	0.170009	0.273073	0.243355	0.097246	0.056925	0.065116	0.079738	0.062414	0.040344	0.036340	0.056925	0.060316	0.042931	0.050395	0.061641	0.078077	0.055432	0.065507	0.090654	130628.0	130628.0
-17	0.298052	0.195632	0.217358	0.288958	0.345408	0.172543	0.268342	0.241617	0.095316	0.057300	0.063310	0.082126	0.062161	0.040451	0.037312	0.055708	0.059574	0.044638	0.050142	0.063003	0.077525	0.055019	0.065974	0.090440	130628.0	130628.0
-16	0.294577	0.197408	0.216738	0.291278	0.344719	0.171916	0.271726	0.244098	0.097070	0.055777	0.063692	0.078038	0.062337	0.040267	0.037710	0.057093	0.060921	0.043896	0.050043	0.061878	0.077847	0.054973	0.066693	0.091764	130628.0	130628.0
-15	0.298175	0.194912	0.218139	0.288774	0.346985	0.169757	0.271450	0.244014	0.097544	0.056519	0.063516	0.080595	0.060760	0.040183	0.035858	0.058112	0.061687	0.045013	0.048703	0.062735	0.077227	0.054100	0.065828	0.091619	130628.0	130628.0
-14	0.297218	0.195816	0.213905	0.293061	0.345516	0.169198	0.270072	0.245476	0.097774	0.057101	0.063999	0.078345	0.061465	0.040190	0.036638	0.057522	0.059957	0.044026	0.048343	0.061579	0.077816	0.056182	0.067482	0.091581	130628.0	130628.0
-13	0.297011	0.197500	0.216462	0.289027	0.342193	0.172092	0.271144	0.243095	0.096411	0.057966	0.063746	0.078888	0.061112	0.041477	0.037993	0.056917	0.062307	0.043942	0.048680	0.061534	0.077158	0.054965	0.067168	0.089736	130628.0	130628.0
-12	0.296988	0.198350	0.217587	0.287075	0.340800	0.172697	0.271588	0.242107	0.096947	0.056963	0.063708	0.079370	0.062230	0.041645	0.038001	0.056473	0.062376	0.044493	0.048558	0.062161	0.076170	0.055677	0.066915	0.088312	130628.0	130628.0
-11	0.297723	0.198778	0.217182	0.286317	0.343663	0.168884	0.271029	0.243906	0.096396	0.056037	0.063945	0.081346	0.062674	0.040504	0.036776	0.058824	0.061855	0.042770	0.048833	0.063723	0.075688	0.054345	0.066050	0.090233	130628.0	130628.0
-10	0.296613	0.193657	0.215605	0.294125	0.344543	0.166457	0.272246	0.245705	0.097537	0.055287	0.064764	0.079026	0.060661	0.038767	0.036508	0.057721	0.061671	0.042908	0.048274	0.062751	0.076216	0.057453	0.068691	0.091764	130628.0	130628.0
-9	0.296085	0.194415	0.218238	0.291262	0.341918	0.169076	0.273770	0.243401	0.097628	0.055432	0.064818	0.078207	0.062621	0.040267	0.036125	0.055402	0.062636	0.043995	0.048688	0.062919	0.075152	0.056803	0.068377	0.090930	130628.0	130628.0
-8	0.298037	0.196497	0.218008	0.287458	0.339230	0.170790	0.273862	0.241771	0.096871	0.056481	0.066043	0.078643	0.062873	0.039670	0.037304	0.056649	0.061671	0.044539	0.049277	0.062521	0.074218	0.055953	0.067788	0.089498	130628.0	130628.0
-7	0.295633	0.196642	0.220412	0.287312	0.336712	0.171923	0.275377	0.244488	0.095692	0.055218	0.067068	0.077656	0.062177	0.040650	0.036577	0.057239	0.062605	0.044684	0.050012	0.063111	0.074096	0.057331	0.066617	0.089269	130628.0	130628.0
-6	0.294569	0.197883	0.220274	0.287274	0.334477	0.173118	0.275959	0.246861	0.096587	0.056121	0.065744	0.076117	0.060653	0.041545	0.037542	0.058142	0.063922	0.044324	0.049706	0.062322	0.072741	0.058142	0.067359	0.089031	130628.0	130628.0
-5	0.293903	0.200133	0.220351	0.285613	0.331560	0.176134	0.275753	0.244856	0.095623	0.056695	0.065782	0.075803	0.062422	0.041737	0.039203	0.056772	0.063287	0.044133	0.051061	0.061870	0.072680	0.058892	0.066586	0.087454	130628.0	130628.0
-4	0.294010	0.201458	0.222632	0.281900	0.328192	0.179027	0.280782	0.241748	0.095232	0.055777	0.068186	0.074816	0.059520	0.041285	0.041477	0.059176	0.064152	0.043054	0.053212	0.062215	0.070536	0.053679	0.070077	0.087608	130628.0	130628.0
-3	0.289440	0.193795	0.232952	0.283814	0.327548	0.176945	0.277521	0.246241	0.092859	0.056780	0.065614	0.074188	0.055371	0.039080	0.038384	0.060959	0.064680	0.045113	0.054368	0.068791	0.070927	0.056626	0.066686	0.089575	130628.0	130628.0
-2	0.283837	0.197599	0.225051	0.293513	0.322060	0.178729	0.264698	0.268067	0.089407	0.058433	0.061778	0.074218	0.057231	0.044041	0.036248	0.060079	0.062536	0.047463	0.050977	0.064075	0.067382	0.072894	0.062184	0.091052	130628.0	130628.0
-1	0.276556	0.222831	0.211187	0.289425	0.298726	0.181898	0.276840	0.216638	0.087102	0.053848	0.072297	0.063310	0.090379	0.039678	0.044340	0.048435	0.061572	0.042012	0.055869	0.051735	0.077372	0.057583	0.083527	0.070942	130628.0	130628.0
0	0.316425	0.193121	0.256032	0.234421	0.276411	0.204420	0.321240	0.215252	0.087439	0.058150	0.097881	0.072955	0.048864	0.042640	0.046054	0.055562	0.071432	0.051237	0.064488	0.068875	0.052156	0.053189	0.065216	0.063861	130628.0	130628.0
1	0.259891	0.205216	0.273640	0.261253	0.276602	0.210131	0.288545	0.237047	0.079868	0.051245	0.067175	0.061602	0.051742	0.044041	0.049844	0.059589	0.071776	0.046521	0.069725	0.085617	0.059015	0.057300	0.068821	0.076117	130628.0	130628.0
2	0.262402	0.199107	0.255565	0.282926	0.271795	0.210009	0.297417	0.241686	0.079455	0.052477	0.072373	0.058096	0.049063	0.040811	0.051850	0.057384	0.074088	0.045848	0.071501	0.064129	0.059321	0.068569	0.080113	0.074923	130628.0	130628.0
3	0.261927	0.207704	0.275837	0.254532	0.260694	0.219585	0.301398	0.227692	0.078949	0.054705	0.069158	0.059114	0.049545	0.041492	0.056512	0.060156	0.081453	0.049744	0.071838	0.072802	0.054697	0.058112	0.073790	0.067933	130628.0	130628.0
4	0.264645	0.204053	0.271297	0.260006	0.259263	0.221139	0.298198	0.229453	0.078452	0.054697	0.070919	0.060577	0.046430	0.041178	0.056267	0.060179	0.075482	0.050349	0.073346	0.072121	0.052745	0.060607	0.079164	0.067489	130628.0	130628.0
5	0.253108	0.206832	0.279695	0.260365	0.244534	0.228649	0.295312	0.228626	0.071937	0.054008	0.069694	0.057469	0.045748	0.041492	0.058096	0.061495	0.077464	0.052845	0.076216	0.073170	0.051398	0.061909	0.083328	0.063731	130628.0	130628.0
6	0.246547	0.210254	0.287335	0.255864	0.241388	0.231107	0.293375	0.232087	0.069863	0.051321	0.068140	0.057224	0.045748	0.041216	0.058854	0.064435	0.077372	0.053036	0.078000	0.078926	0.049905	0.062039	0.079524	0.064397	130628.0	130628.0
7	0.242888	0.207612	0.284518	0.264981	0.240814	0.231842	0.294876	0.230165	0.069288	0.051291	0.068301	0.054008	0.045672	0.040711	0.057714	0.063516	0.077763	0.053893	0.079524	0.073338	0.054896	0.063317	0.084147	0.062621	130628.0	130628.0
8	0.247619	0.209212	0.289685	0.253483	0.230578	0.239283	0.305118	0.233311	0.067995	0.052615	0.074195	0.052814	0.043727	0.040856	0.058487	0.066142	0.078192	0.055203	0.084737	0.071554	0.048297	0.064841	0.078873	0.061472	130628.0	130628.0
9	0.238211	0.213515	0.296292	0.251983	0.231275	0.243340	0.298382	0.231191	0.069893	0.049499	0.066777	0.052041	0.044026	0.042923	0.059926	0.066640	0.081782	0.060561	0.079929	0.074019	0.048359	0.060645	0.081996	0.060982	130628.0	130628.0
10	0.244059	0.213630	0.288629	0.253682	0.237774	0.232347	0.302401	0.234314	0.071026	0.050280	0.067642	0.055111	0.045151	0.040344	0.057346	0.070789	0.080894	0.051819	0.082838	0.073078	0.048596	0.060140	0.081904	0.063042	130628.0	130628.0
11	0.245667	0.202583	0.289731	0.262019	0.244098	0.229277	0.301643	0.235378	0.072703	0.052156	0.066280	0.054529	0.045266	0.040374	0.052278	0.064665	0.079324	0.053289	0.083336	0.073782	0.051635	0.065109	0.080044	0.065231	130628.0	130628.0
12	0.248928	0.210927	0.281938	0.258207	0.250582	0.223643	0.297731	0.234123	0.075106	0.053970	0.064978	0.054873	0.053051	0.041522	0.050234	0.066119	0.079707	0.053947	0.077939	0.070345	0.053641	0.059520	0.078084	0.066961	130628.0	130628.0
13	0.261506	0.208960	0.271236	0.258298	0.256599	0.216186	0.301666	0.238280	0.078329	0.054514	0.072282	0.056381	0.048160	0.042694	0.048810	0.069296	0.077556	0.051184	0.073499	0.068997	0.054560	0.058961	0.077449	0.067329	130628.0	130628.0
14	0.258605	0.207352	0.272040	0.262004	0.264568	0.209442	0.291270	0.237729	0.078689	0.053549	0.066601	0.059765	0.049851	0.040634	0.048121	0.068745	0.075795	0.050502	0.070184	0.075558	0.056244	0.058479	0.077411	0.069870	130628.0	130628.0
15	0.260580	0.203165	0.262317	0.273938	0.280330	0.202728	0.284250	0.246746	0.081897	0.053166	0.062980	0.062536	0.050816	0.041377	0.043896	0.067076	0.072994	0.051076	0.066379	0.071868	0.058349	0.060745	0.077296	0.077548	130628.0	130628.0
16	0.264055	0.206365	0.250551	0.279029	0.285796	0.204849	0.285636	0.246486	0.085671	0.053342	0.062567	0.062475	0.052232	0.045189	0.044768	0.064175	0.071064	0.048558	0.066333	0.064596	0.061886	0.061357	0.080021	0.075765	130628.0	130628.0
17	0.270853	0.208447	0.253690	0.267010	0.286493	0.205546	0.289532	0.238280	0.087516	0.056014	0.063348	0.063976	0.054835	0.043230	0.047027	0.063355	0.071677	0.048297	0.066992	0.066724	0.060776	0.057469	0.074540	0.074226	130628.0	130628.0
18	0.274803	0.205010	0.251906	0.268281	0.295304	0.195624	0.284472	0.240400	0.088802	0.056412	0.062835	0.066754	0.054950	0.043344	0.042242	0.064473	0.072037	0.049239	0.060799	0.069832	0.063723	0.056558	0.071975	0.076025	130628.0	130628.0
19	0.279511	0.205553	0.237851	0.277085	0.305348	0.190135	0.279772	0.242528	0.089988	0.056963	0.064136	0.068423	0.056940	0.041645	0.043674	0.063294	0.068867	0.048037	0.056780	0.064167	0.067489	0.058142	0.072006	0.079447	130628.0	130628.0
20	0.283285	0.204788	0.236596	0.275331	0.306397	0.191490	0.282895	0.241763	0.090096	0.057193	0.066839	0.069158	0.056910	0.043038	0.043314	0.061526	0.069250	0.048428	0.056711	0.062207	0.067267	0.057323	0.070865	0.079876	130628.0	130628.0
21	0.283523	0.205982	0.237729	0.272767	0.308089	0.191337	0.284334	0.239818	0.091948	0.057254	0.064557	0.069763	0.058004	0.042342	0.043796	0.061840	0.070130	0.047501	0.057698	0.062399	0.067206	0.056466	0.069924	0.079171	130628.0	130628.0
22	0.287289	0.203563	0.235975	0.273173	0.310707	0.190579	0.282612	0.235493	0.093104	0.058372	0.064741	0.071072	0.059153	0.041522	0.042372	0.060515	0.066701	0.048619	0.058066	0.062590	0.068086	0.055011	0.071631	0.078444	130628.0	130628.0
23	0.287044	0.203525	0.236810	0.272621	0.316647	0.186354	0.276518	0.236818	0.092614	0.058318	0.061526	0.074586	0.061005	0.041155	0.041622	0.059742	0.066418	0.047616	0.055960	0.066816	0.068224	0.054697	0.068477	0.081223	130628.0	130628.0
24	0.288261	0.201787	0.227585	0.282367	0.320628	0.181447	0.272109	0.241097	0.092339	0.059137	0.062383	0.074402	0.059934	0.040834	0.041170	0.059849	0.065354	0.047409	0.052033	0.062789	0.071057	0.057583	0.070896	0.082831	130628.0	130628.0
25	0.288682	0.204964	0.226483	0.279871	0.323575	0.180459	0.271473	0.242773	0.093969	0.059995	0.060446	0.074272	0.063011	0.040788	0.040757	0.060408	0.064833	0.046690	0.052225	0.062735	0.071593	0.057836	0.066701	0.083742	130628.0	130628.0
26	0.293406	0.205308	0.220129	0.281157	0.327418	0.178790	0.271450	0.240155	0.095615	0.060148	0.062697	0.074946	0.063233	0.040566	0.042135	0.059375	0.061886	0.044837	0.051252	0.062154	0.072442	0.055800	0.068500	0.084415	130628.0	130628.0
27	0.293176	0.201350	0.224584	0.280889	0.327181	0.181569	0.272185	0.240691	0.093954	0.061059	0.062498	0.075665	0.061289	0.040864	0.039808	0.059390	0.060745	0.045909	0.054988	0.062942	0.072251	0.055126	0.068201	0.085311	130628.0	130628.0
28	0.288238	0.202958	0.225495	0.283308	0.330373	0.177466	0.268373	0.239191	0.093893	0.058173	0.060538	0.075635	0.063861	0.040811	0.039257	0.059030	0.061978	0.045434	0.051964	0.066119	0.074930	0.053434	0.069028	0.085916	130628.0	130628.0
29	0.294661	0.197852	0.220787	0.286700	0.334178	0.173408	0.267071	0.243615	0.095408	0.061396	0.060691	0.077166	0.060485	0.040244	0.038575	0.058548	0.060975	0.044592	0.049997	0.065223	0.073705	0.056925	0.068171	0.087898	130628.0	130628.0
30	0.290573	0.203157	0.217434	0.288835	0.331376	0.178606	0.263971	0.247321	0.094727	0.058923	0.060791	0.076132	0.060921	0.042426	0.041262	0.058548	0.058624	0.045090	0.049829	0.063891	0.073629	0.059459	0.068860	0.086888	130628.0	130628.0
31	0.287902	0.205898	0.220741	0.285459	0.333244	0.174962	0.261774	0.247076	0.094023	0.057446	0.059382	0.077051	0.062804	0.041982	0.039800	0.061312	0.059505	0.044317	0.048864	0.068056	0.074333	0.055945	0.067344	0.087837	130628.0	130628.0
32	0.290665	0.199689	0.215390	0.294255	0.338649	0.170706	0.262180	0.248921	0.094788	0.056680	0.060998	0.078199	0.060025	0.041905	0.038583	0.059176	0.059459	0.043283	0.046935	0.065713	0.076285	0.058464	0.070130	0.089376	130628.0	130628.0
33	0.290558	0.200332	0.216646	0.292464	0.336498	0.170285	0.262111	0.247520	0.093303	0.058602	0.061350	0.077303	0.062314	0.041377	0.038445	0.058196	0.059895	0.042900	0.047563	0.066287	0.075849	0.057905	0.068668	0.090042	130628.0	130628.0
34	0.291362	0.200784	0.216026	0.291829	0.342430	0.170951	0.263045	0.248163	0.095477	0.057155	0.060699	0.078031	0.063065	0.040680	0.037557	0.059482	0.058127	0.043972	0.048741	0.065185	0.077702	0.056780	0.066127	0.091221	130628.0	130628.0
35	0.294370	0.198587	0.213124	0.293919	0.345699	0.167307	0.263450	0.245736	0.096763	0.056894	0.061312	0.079401	0.063493	0.039203	0.038874	0.057017	0.058433	0.042288	0.046942	0.065461	0.077992	0.057974	0.066410	0.091542	130628.0	130628.0
36	0.296682	0.196359	0.213538	0.293421	0.347315	0.167399	0.267753	0.246080	0.098769	0.056780	0.062406	0.078727	0.061044	0.041285	0.036883	0.057147	0.059176	0.041829	0.047402	0.065132	0.078123	0.055953	0.067650	0.091696	130628.0	130628.0
37	0.297111	0.195846	0.214341	0.292701	0.348111	0.166986	0.265640	0.247635	0.099435	0.057492	0.059520	0.080664	0.060760	0.041025	0.035896	0.058165	0.058877	0.042257	0.047808	0.065399	0.076729	0.057162	0.067528	0.091282	130628.0	130628.0
38	0.295802	0.197936	0.210751	0.295511	0.346710	0.166802	0.262830	0.250827	0.095669	0.057645	0.062245	0.080243	0.060355	0.042617	0.036960	0.058004	0.058456	0.040765	0.046460	0.065070	0.077173	0.056581	0.068132	0.093625	130628.0	130628.0
39	0.291653	0.197607	0.213798	0.296942	0.346993	0.167070	0.264032	0.249633	0.097559	0.055103	0.060286	0.078704	0.061472	0.040749	0.037213	0.058173	0.059183	0.042104	0.047004	0.065507	0.077640	0.057622	0.068592	0.093089	130628.0	130628.0
40	0.295855	0.195578	0.213094	0.295473	0.347613	0.167935	0.263443	0.247895	0.097184	0.057155	0.061641	0.079876	0.060653	0.040964	0.037396	0.056565	0.057591	0.042548	0.047027	0.065928	0.077150	0.056963	0.067956	0.093403	130628.0	130628.0
41	0.292579	0.197630	0.214020	0.295771	0.347797	0.168241	0.261636	0.247190	0.095615	0.056190	0.060998	0.079776	0.060982	0.041201	0.037863	0.057583	0.057897	0.042051	0.047126	0.066946	0.078697	0.054697	0.068668	0.093709	130628.0	130628.0
42	0.293191	0.194139	0.214655	0.298014	0.350568	0.168065	0.262647	0.248033	0.095982	0.055930	0.060033	0.081246	0.060776	0.040083	0.037174	0.056106	0.058701	0.042877	0.047930	0.065147	0.078153	0.056657	0.068018	0.095186	130628.0	130628.0
43	0.293612	0.195548	0.213155	0.297685	0.349688	0.166679	0.263841	0.249257	0.097636	0.056917	0.061166	0.077893	0.062108	0.040060	0.036378	0.057002	0.057514	0.042717	0.047524	0.065399	0.078383	0.056420	0.067107	0.095776	130628.0	130628.0
44	0.295641	0.196114	0.212175	0.296070	0.350530	0.164230	0.262654	0.246854	0.097697	0.056734	0.061212	0.079998	0.062154	0.039991	0.036217	0.057752	0.057262	0.041538	0.046483	0.066892	0.079516	0.055792	0.067443	0.093318	130628.0	130628.0
45	0.296629	0.194055	0.211356	0.297961	0.352245	0.163916	0.262333	0.249112	0.098218	0.056328	0.061411	0.080672	0.060048	0.040535	0.035544	0.057928	0.056626	0.041760	0.046077	0.066892	0.079156	0.056450	0.068155	0.094199	130628.0	130628.0
46	0.294049	0.195073	0.211187	0.299691	0.355008	0.164038	0.261330	0.249862	0.099045	0.053916	0.060240	0.080848	0.061756	0.039425	0.036707	0.057185	0.056205	0.042066	0.045840	0.067076	0.079546	0.057683	0.066892	0.095569	130628.0	130628.0
47	0.296552	0.193090	0.209679	0.300678	0.356539	0.164628	0.260633	0.250122	0.098930	0.056535	0.059857	0.081231	0.061105	0.040474	0.035972	0.055539	0.056703	0.043038	0.045143	0.064795	0.079156	0.056887	0.067413	0.097223	130628.0	130628.0
48	0.295894	0.196933	0.208386	0.298787	0.355651	0.166258	0.262677	0.251301	0.098294	0.055983	0.060324	0.081292	0.060423	0.040864	0.038108	0.057537	0.057170	0.040397	0.046889	0.063930	0.079332	0.056167	0.066555	0.096733	130628.0	130628.0
49	0.295220	0.193412	0.211876	0.299492	0.356271	0.163051	0.262838	0.248614	0.098677	0.056159	0.059298	0.081085	0.060584	0.039792	0.036416	0.056619	0.058280	0.040259	0.046583	0.066754	0.080067	0.055761	0.067221	0.096442	130628.0	130628.0
50	0.297608	0.191973	0.209519	0.300900	0.358637	0.160984	0.261797	0.249579	0.098654	0.057369	0.059727	0.081858	0.060186	0.039234	0.035084	0.057469	0.057775	0.041025	0.045641	0.065078	0.080343	0.055095	0.067681	0.097781	130628.0	130628.0
51	0.296958	0.192723	0.208133	0.302186	0.356998	0.161106	0.261184	0.251164	0.097873	0.057530	0.061044	0.080511	0.060868	0.039976	0.035192	0.056688	0.057070	0.040742	0.045197	0.065124	0.080235	0.056121	0.067451	0.098379	130628.0	130628.0
52	0.296047	0.194369	0.208883	0.300701	0.360535	0.161849	0.261475	0.251125	0.098639	0.054797	0.060737	0.081874	0.061587	0.041017	0.035459	0.056305	0.057361	0.040634	0.044738	0.066150	0.079975	0.053756	0.066923	0.100047	130628.0	130628.0
53	0.297563	0.190204	0.207857	0.304376	0.363299	0.161474	0.261315	0.251455	0.098616	0.056282	0.060607	0.082057	0.059581	0.038996	0.036631	0.054996	0.056519	0.040275	0.045572	0.065491	0.081238	0.056075	0.065675	0.101387	130628.0	130628.0
54	0.295955	0.191628	0.208485	0.303932	0.364945	0.161673	0.262432	0.251447	0.101686	0.054437	0.057285	0.082547	0.059803	0.039655	0.036638	0.055532	0.058655	0.040573	0.044807	0.064450	0.081629	0.057178	0.066043	0.099083	130628.0	130628.0
55	0.301773	0.191842	0.204772	0.301612	0.366506	0.159292	0.264974	0.250276	0.102329	0.055340	0.060508	0.083596	0.060645	0.039938	0.035559	0.055700	0.057936	0.039593	0.044202	0.063042	0.081215	0.055271	0.065759	0.099366	130628.0	130628.0
56	0.302125	0.190143	0.206028	0.301704	0.367670	0.158634	0.265425	0.247979	0.103416	0.055708	0.059237	0.083765	0.060990	0.039211	0.034594	0.055348	0.057790	0.039846	0.044983	0.063409	0.081376	0.054307	0.066908	0.099114	130628.0	130628.0
57	0.303572	0.189071	0.205722	0.301635	0.368903	0.158894	0.265203	0.247719	0.103737	0.056573	0.059528	0.083734	0.059620	0.039211	0.035536	0.054705	0.057139	0.039348	0.044799	0.064435	0.083060	0.055432	0.064772	0.098371	130628.0	130628.0
58	0.303557	0.190564	0.204635	0.301245	0.368811	0.157072	0.264668	0.250253	0.103156	0.056336	0.060025	0.084040	0.060324	0.039670	0.034403	0.056167	0.056933	0.038445	0.044554	0.064703	0.082555	0.055356	0.064274	0.099060	130628.0	130628.0
59	0.302967	0.189806	0.203257	0.303970	0.370372	0.156743	0.264124	0.252549	0.102084	0.056129	0.059658	0.085097	0.058923	0.039823	0.034311	0.056749	0.057874	0.038101	0.044508	0.062774	0.083030	0.055815	0.064963	0.100162	130628.0	130628.0
60	0.301911	0.189867	0.203440	0.304782	0.370441	0.157302	0.264453	0.255328	0.102964	0.054682	0.059658	0.084607	0.058402	0.041216	0.033599	0.056649	0.057721	0.038376	0.044110	0.063233	0.082509	0.057101	0.064810	0.100361	130628.0	130628.0
61	0.301597	0.191376	0.202177	0.304850	0.372730	0.157524	0.262723	0.254203	0.103423	0.055654	0.057637	0.084882	0.058831	0.040474	0.034548	0.057522	0.057622	0.038460	0.044041	0.062054	0.083887	0.055670	0.064756	0.100537	130628.0	130628.0
62	0.303763	0.190258	0.200983	0.304996	0.374315	0.154890	0.263741	0.251768	0.102712	0.057254	0.058540	0.085257	0.059336	0.039211	0.034816	0.056894	0.059474	0.037848	0.043015	0.060645	0.084385	0.053702	0.064948	0.101961	130628.0	130628.0
63	0.305907	0.188015	0.201320	0.304759	0.374659	0.154393	0.263213	0.252098	0.102543	0.057262	0.060140	0.085962	0.058617	0.039769	0.034074	0.055555	0.057323	0.037343	0.043207	0.063447	0.083788	0.054406	0.064198	0.102367	130628.0	130628.0
64	0.302271	0.188780	0.201618	0.307331	0.372830	0.154806	0.259577	0.253843	0.100247	0.058165	0.058242	0.085617	0.059229	0.039976	0.034066	0.055509	0.057851	0.037526	0.043237	0.063003	0.083627	0.055019	0.065346	0.103339	130628.0	130628.0
65	0.300954	0.190687	0.200891	0.307469	0.373457	0.156138	0.260825	0.253897	0.100430	0.056864	0.058311	0.085349	0.059137	0.039900	0.034901	0.056749	0.057691	0.036945	0.044393	0.061863	0.084928	0.054498	0.065292	0.102750	130628.0	130628.0
66	0.302186	0.188206	0.202897	0.306711	0.373052	0.156582	0.259891	0.252174	0.100132	0.057974	0.057897	0.086184	0.059237	0.039991	0.033990	0.054988	0.057920	0.038659	0.043942	0.062376	0.084591	0.055049	0.064925	0.102145	130628.0	130628.0
67	0.301880	0.191674	0.200753	0.305693	0.371835	0.157769	0.258551	0.254080	0.099626	0.058846	0.058418	0.084989	0.059405	0.042518	0.034013	0.055738	0.057507	0.038238	0.043000	0.062008	0.085273	0.053878	0.064596	0.101946	130628.0	130628.0
68	0.301811	0.193481	0.200026	0.304682	0.372332	0.157294	0.258957	0.253552	0.101012	0.056979	0.057836	0.085985	0.059773	0.040780	0.034824	0.058104	0.055838	0.037419	0.044271	0.062498	0.084010	0.053342	0.066004	0.101326	130628.0	130628.0
69	0.300632	0.188520	0.202935	0.307913	0.372102	0.154837	0.260825	0.254777	0.100537	0.057514	0.058357	0.084224	0.058632	0.039050	0.033431	0.057407	0.057828	0.038254	0.044102	0.062751	0.083512	0.054491	0.066081	0.103829	130628.0	130628.0
70	0.300510	0.189309	0.201970	0.308211	0.373932	0.155541	0.261644	0.254333	0.101203	0.056297	0.058334	0.084676	0.059091	0.039861	0.032834	0.057522	0.057308	0.038047	0.044799	0.061817	0.085403	0.054299	0.065859	0.102650	130628.0	130628.0
71	0.303005	0.188505	0.201825	0.306665	0.375279	0.154423	0.260358	0.250237	0.100813	0.056864	0.057974	0.087355	0.060760	0.038935	0.032681	0.056129	0.056581	0.037817	0.044990	0.062437	0.084966	0.053028	0.066525	0.102145	130628.0	130628.0
72	0.303120	0.186645	0.202170	0.308066	0.375180	0.153114	0.259906	0.250413	0.101280	0.059061	0.056611	0.086168	0.059589	0.038407	0.033255	0.055394	0.057736	0.037174	0.044278	0.062980	0.084308	0.053189	0.067145	0.103423	130628.0	130628.0
73	0.302914	0.187831	0.201289	0.307966	0.375922	0.152969	0.260771	0.251294	0.101433	0.057928	0.058119	0.085433	0.059283	0.037924	0.033201	0.057423	0.056994	0.037618	0.044225	0.062452	0.086459	0.053350	0.065560	0.102597	130628.0	130628.0
74	0.304169	0.186821	0.201105	0.307905	0.377813	0.154155	0.263604	0.248928	0.103324	0.056787	0.057905	0.086153	0.059497	0.038208	0.033193	0.055922	0.057507	0.037886	0.044868	0.060845	0.085510	0.051972	0.067597	0.102826	130628.0	130628.0
75	0.305838	0.184853	0.203563	0.305746	0.380033	0.152640	0.265211	0.249135	0.104687	0.058035	0.058027	0.085089	0.058219	0.037350	0.032466	0.056818	0.058548	0.038874	0.043949	0.062192	0.086344	0.051053	0.064435	0.103913	130628.0	130628.0
76	0.307798	0.185312	0.198878	0.308012	0.382031	0.149424	0.262892	0.251516	0.104549	0.058043	0.057859	0.087347	0.058418	0.037167	0.032818	0.056910	0.057086	0.036041	0.043398	0.062353	0.085012	0.052317	0.065560	0.105123	130628.0	130628.0
77	0.305065	0.183567	0.199636	0.311733	0.382269	0.150205	0.263404	0.251600	0.104273	0.056412	0.058510	0.085870	0.058104	0.036585	0.033017	0.055861	0.057070	0.037052	0.043551	0.061962	0.086214	0.053243	0.066364	0.105911	130628.0	130628.0
78	0.305662	0.183291	0.201442	0.309604	0.380998	0.149187	0.262593	0.248653	0.103201	0.057637	0.059084	0.085740	0.058984	0.036600	0.031234	0.056473	0.056772	0.037817	0.043536	0.063317	0.087983	0.051505	0.066043	0.104074	130628.0	130628.0
79	0.306940	0.183559	0.199896	0.309604	0.383164	0.149998	0.263244	0.248224	0.104824	0.056489	0.059107	0.086521	0.059788	0.037014	0.031793	0.054965	0.056473	0.038353	0.042839	0.062230	0.087386	0.051811	0.065974	0.104434	130628.0	130628.0
80	0.308471	0.183667	0.199712	0.308150	0.382751	0.150205	0.264361	0.248454	0.102911	0.057721	0.060584	0.087255	0.059084	0.036860	0.031364	0.056359	0.056481	0.037595	0.044386	0.061250	0.087508	0.050158	0.065407	0.105077	130628.0	130628.0
81	0.305983	0.182335	0.201741	0.309941	0.383463	0.148919	0.263098	0.250367	0.102673	0.056182	0.059834	0.087294	0.058242	0.036692	0.030353	0.057047	0.056848	0.038131	0.043743	0.063019	0.087608	0.050740	0.065706	0.105888	130628.0	130628.0
82	0.305371	0.181745	0.199636	0.313248	0.381473	0.148169	0.263014	0.249847	0.102796	0.056205	0.059979	0.086390	0.059941	0.036845	0.030131	0.054827	0.056734	0.037687	0.043505	0.061710	0.087148	0.053036	0.067926	0.105138	130628.0	130628.0
83	0.306619	0.183774	0.201542	0.308066	0.382896	0.150726	0.264361	0.249181	0.103600	0.056121	0.059046	0.087853	0.059053	0.037281	0.031647	0.055792	0.056427	0.036508	0.045289	0.063317	0.086765	0.051428	0.065193	0.104679	130628.0	130628.0
84	0.305846	0.181339	0.201174	0.311641	0.384650	0.148674	0.262976	0.249487	0.103079	0.057009	0.058824	0.086934	0.058525	0.036133	0.031264	0.055417	0.056381	0.036585	0.044692	0.063516	0.088143	0.051444	0.065560	0.106493	130628.0	130628.0
85	0.306129	0.181171	0.200340	0.312360	0.385836	0.147977	0.263956	0.250505	0.103500	0.056711	0.059084	0.086834	0.059153	0.036317	0.030177	0.055524	0.056481	0.036592	0.044891	0.062376	0.088174	0.051337	0.065522	0.107328	130628.0	130628.0
86	0.307308	0.180957	0.199674	0.312062	0.386808	0.147166	0.265556	0.248147	0.105521	0.055639	0.058885	0.087263	0.058778	0.036355	0.030223	0.055601	0.057101	0.036539	0.044049	0.061985	0.089835	0.052003	0.066035	0.104189	130628.0	130628.0
87	0.311235	0.180536	0.199192	0.309038	0.385897	0.145956	0.267646	0.248423	0.105651	0.056642	0.060829	0.088113	0.058602	0.034977	0.029886	0.057070	0.056489	0.036416	0.044676	0.061610	0.087738	0.051980	0.064925	0.104396	130628.0	130628.0
88	0.308479	0.180015	0.200317	0.311189	0.383448	0.147189	0.265540	0.245675	0.103140	0.057231	0.060492	0.087615	0.059053	0.035712	0.030338	0.054912	0.057836	0.037067	0.044072	0.061342	0.090011	0.052370	0.066127	0.102681	130628.0	130628.0
89	0.310041	0.182381	0.201029	0.306550	0.383708	0.148452	0.266053	0.247749	0.104564	0.057522	0.059704	0.088251	0.058869	0.035291	0.030920	0.057300	0.056489	0.036945	0.045297	0.062299	0.087830	0.052094	0.063562	0.103064	130628.0	130628.0
90	0.307752	0.181852	0.199482	0.310913	0.383869	0.147311	0.263527	0.250421	0.104105	0.057951	0.058900	0.086796	0.058249	0.035100	0.030675	0.057828	0.056014	0.037029	0.044508	0.061932	0.088082	0.052607	0.065338	0.104886	130628.0	130628.0
91	0.306450	0.182687	0.199421	0.311442	0.386556	0.148850	0.264966	0.251286	0.104740	0.055448	0.059183	0.087079	0.058693	0.036179	0.031035	0.056780	0.056336	0.036929	0.044707	0.061449	0.089192	0.052783	0.063922	0.105544	130628.0	130628.0
92	0.308961	0.181339	0.198847	0.310852	0.385407	0.148444	0.264629	0.249732	0.106034	0.055302	0.059168	0.088457	0.057675	0.035804	0.031065	0.056795	0.055807	0.037955	0.043620	0.061465	0.088519	0.054736	0.065200	0.102398	130628.0	130628.0
93	0.308035	0.183797	0.199054	0.309114	0.386334	0.147457	0.262218	0.249326	0.103668	0.055976	0.058318	0.090073	0.059513	0.036049	0.031172	0.057063	0.056634	0.036638	0.043597	0.062184	0.088373	0.051995	0.064527	0.104220	130628.0	130628.0
94	0.308188	0.180658	0.197615	0.313539	0.389457	0.146094	0.263626	0.249005	0.104533	0.055869	0.058770	0.089016	0.058801	0.035015	0.031027	0.055815	0.056381	0.036110	0.043942	0.061181	0.090356	0.052623	0.065009	0.105552	130628.0	130628.0
95	0.310071	0.179617	0.198748	0.311564	0.387436	0.144341	0.267485	0.249043	0.106386	0.056910	0.060033	0.086743	0.058824	0.034679	0.030323	0.055792	0.056757	0.035031	0.044309	0.062651	0.088434	0.052699	0.064557	0.105873	130628.0	130628.0
96	0.310401	0.179318	0.199222	0.311059	0.386058	0.145650	0.267799	0.247772	0.105345	0.057139	0.060722	0.087194	0.058096	0.034878	0.030943	0.055402	0.057767	0.035865	0.043965	0.061625	0.088626	0.052600	0.064940	0.104893	130628.0	130628.0
97	0.309834	0.180482	0.200570	0.309114	0.384856	0.145673	0.265096	0.244871	0.104847	0.056971	0.059375	0.088641	0.059061	0.034801	0.030790	0.055830	0.057093	0.036302	0.043781	0.063394	0.089154	0.052026	0.065721	0.102214	130628.0	130628.0
98	0.310156	0.180099	0.199666	0.310079	0.385974	0.146890	0.263435	0.246295	0.103967	0.056565	0.059964	0.089659	0.058050	0.035674	0.030713	0.055662	0.056473	0.037473	0.043031	0.062689	0.089759	0.052370	0.065361	0.102589	130628.0	130628.0
99	0.308249	0.182082	0.199069	0.310600	0.385147	0.147985	0.263152	0.250069	0.103309	0.055769	0.060347	0.088825	0.058418	0.036309	0.030728	0.056626	0.056091	0.037542	0.043406	0.062031	0.089575	0.053694	0.063891	0.103439	130628.0	130628.0
100	0.307392	0.183314	0.198372	0.310921	0.386027	0.147763	0.264048	0.250390	0.104541	0.055501	0.059375	0.087975	0.059183	0.036470	0.030889	0.056772	0.056213	0.036485	0.043919	0.061756	0.089652	0.053289	0.064121	0.103860	130628.0	130628.0
101	0.309589	0.181745	0.198304	0.310362	0.387390	0.147158	0.265081	0.247359	0.105483	0.056764	0.058755	0.088587	0.058357	0.035827	0.031042	0.056519	0.056818	0.036263	0.044026	0.061197	0.091129	0.052822	0.064221	0.102191	130628.0	130628.0
102	0.311786	0.181676	0.198043	0.308494	0.389021	0.147610	0.265349	0.249365	0.105368	0.055899	0.059421	0.091098	0.057193	0.035858	0.031869	0.056757	0.057132	0.036455	0.043429	0.061028	0.088603	0.052799	0.063141	0.103952	130628.0	130628.0
103	0.308295	0.181010	0.197860	0.312835	0.390827	0.147227	0.262180	0.250873	0.105422	0.055509	0.057767	0.089598	0.057499	0.035314	0.031716	0.056481	0.056129	0.037335	0.042862	0.061534	0.090608	0.053878	0.063149	0.105199	130628.0	130628.0
104	0.309658	0.182036	0.195494	0.312812	0.390483	0.147158	0.263420	0.251983	0.106516	0.055915	0.057920	0.089307	0.057239	0.037641	0.030790	0.056366	0.055945	0.035689	0.043038	0.060822	0.090325	0.053641	0.064511	0.104334	130628.0	130628.0
105	0.310025	0.182886	0.196260	0.310829	0.388998	0.146554	0.262157	0.252404	0.104771	0.056083	0.058992	0.090180	0.056917	0.037465	0.030981	0.057522	0.056450	0.036164	0.041944	0.061702	0.089981	0.053350	0.063432	0.104067	130628.0	130628.0
106	0.308119	0.183062	0.195349	0.313470	0.390399	0.146799	0.261904	0.253728	0.105766	0.055853	0.057392	0.089108	0.058112	0.038200	0.030713	0.056037	0.057277	0.036416	0.041469	0.060186	0.090011	0.053978	0.063968	0.105513	130628.0	130628.0
107	0.311166	0.184447	0.193542	0.310845	0.392022	0.146630	0.258834	0.252480	0.106225	0.056121	0.057025	0.091795	0.057721	0.037810	0.032359	0.056558	0.055425	0.036302	0.040160	0.061656	0.088695	0.052806	0.064037	0.105307	130628.0	130628.0
108	0.308066	0.183039	0.193580	0.315315	0.393024	0.146515	0.260595	0.253483	0.106310	0.055761	0.057025	0.088970	0.058142	0.038047	0.031203	0.055647	0.056029	0.036034	0.041232	0.060286	0.091634	0.053679	0.063891	0.106110	130628.0	130628.0
109	0.312115	0.183521	0.193351	0.311013	0.394073	0.145053	0.262126	0.250276	0.107121	0.054682	0.057897	0.092415	0.058494	0.036493	0.031884	0.056649	0.056427	0.035995	0.040680	0.060247	0.090325	0.052921	0.063555	0.104212	130628.0	130628.0
110	0.312368	0.180092	0.194017	0.313524	0.394563	0.143583	0.262578	0.249694	0.105605	0.055470	0.058984	0.092308	0.057193	0.036501	0.030552	0.055846	0.056749	0.035291	0.041239	0.060737	0.091872	0.052569	0.064305	0.104778	130628.0	130628.0
111	0.311419	0.179831	0.195081	0.313669	0.393484	0.141417	0.263604	0.251906	0.107021	0.055271	0.059046	0.090080	0.057116	0.037113	0.029021	0.056581	0.057185	0.034931	0.040351	0.062613	0.091152	0.052983	0.064305	0.105230	130628.0	130628.0
112	0.312475	0.180298	0.192723	0.314504	0.394104	0.140621	0.259630	0.252166	0.105866	0.056290	0.058066	0.092254	0.057583	0.037014	0.029067	0.056634	0.055654	0.034495	0.040045	0.062529	0.091198	0.053733	0.064787	0.104786	130628.0	130628.0
113	0.310301	0.181531	0.191965	0.316203	0.392282	0.141815	0.261491	0.253751	0.105552	0.055080	0.059589	0.090080	0.056649	0.036501	0.030882	0.057499	0.056251	0.034334	0.040099	0.061281	0.091458	0.054560	0.064994	0.105192	130628.0	130628.0
114	0.309911	0.180474	0.195563	0.314052	0.392512	0.144456	0.262417	0.251738	0.105261	0.054414	0.059459	0.090777	0.056359	0.036370	0.030514	0.057231	0.056190	0.036064	0.041507	0.061801	0.091458	0.053120	0.064458	0.105016	130628.0	130628.0
115	0.309268	0.179969	0.195938	0.314825	0.391945	0.143400	0.261246	0.249793	0.103829	0.055593	0.058548	0.091297	0.057882	0.036516	0.030085	0.055486	0.057224	0.035153	0.041645	0.061916	0.092400	0.053373	0.064634	0.104419	130628.0	130628.0
116	0.311334	0.180635	0.194912	0.313118	0.392458	0.143323	0.264882	0.249610	0.106310	0.055409	0.059474	0.090141	0.057874	0.037021	0.030223	0.055516	0.057560	0.034541	0.041538	0.061273	0.091818	0.052883	0.064228	0.104189	130628.0	130628.0
117	0.313562	0.179854	0.195463	0.311120	0.395421	0.142527	0.264583	0.246861	0.106478	0.055448	0.058242	0.093395	0.058004	0.036279	0.030078	0.055493	0.057821	0.034127	0.042043	0.061472	0.092469	0.052010	0.063562	0.103079	130628.0	130628.0
118	0.314772	0.177864	0.193925	0.313440	0.394464	0.142933	0.263933	0.249640	0.107657	0.056772	0.058915	0.091428	0.057086	0.035926	0.029381	0.055470	0.056381	0.036646	0.040979	0.059918	0.090930	0.053794	0.064266	0.104449	130628.0	130628.0
119	0.312054	0.183138	0.193542	0.311266	0.392397	0.144066	0.259860	0.248836	0.104993	0.056848	0.057752	0.092461	0.059811	0.036493	0.030790	0.056045	0.055639	0.035306	0.041477	0.061120	0.091206	0.052561	0.063761	0.103737	130628.0	130628.0
120	0.311648	0.181209	0.193779	0.313363	0.396056	0.142802	0.261292	0.249502	0.106271	0.054651	0.058135	0.092591	0.058846	0.036041	0.029527	0.056795	0.055945	0.036294	0.040941	0.060600	0.091389	0.050862	0.065308	0.105804	130628.0	130628.0
121	0.312452	0.177849	0.193909	0.315790	0.396814	0.141624	0.263780	0.248423	0.107075	0.054422	0.059153	0.091803	0.058004	0.035689	0.030124	0.054031	0.056221	0.034480	0.041331	0.061878	0.091749	0.052516	0.065338	0.106187	130628.0	130628.0
122	0.313049	0.177106	0.195946	0.313899	0.396622	0.142006	0.264645	0.249380	0.107764	0.054981	0.058525	0.091780	0.057537	0.034985	0.030085	0.054498	0.057078	0.035659	0.041278	0.061932	0.090057	0.052875	0.063945	0.107021	130628.0	130628.0
123	0.312437	0.178499	0.193833	0.315231	0.398253	0.143231	0.262049	0.250153	0.106868	0.056121	0.057438	0.092009	0.058012	0.035949	0.030453	0.054085	0.056611	0.035697	0.041132	0.060393	0.091826	0.052569	0.063287	0.107550	130628.0	130628.0
124	0.313317	0.180337	0.192309	0.314037	0.395612	0.144471	0.260028	0.250643	0.106616	0.057170	0.057254	0.092277	0.057660	0.036171	0.031257	0.055248	0.054720	0.035605	0.041438	0.060546	0.091290	0.053794	0.063524	0.105429	130628.0	130628.0
125	0.310286	0.182740	0.193473	0.313501	0.392956	0.143713	0.261445	0.249724	0.106279	0.055501	0.058548	0.089958	0.059451	0.036302	0.031172	0.055815	0.055639	0.035260	0.040979	0.061595	0.092729	0.053618	0.063164	0.103990	130628.0	130628.0
126	0.314098	0.180681	0.193863	0.311357	0.393897	0.143591	0.264591	0.248645	0.107335	0.055379	0.059237	0.092147	0.058288	0.035513	0.031571	0.055310	0.055049	0.033538	0.042969	0.062307	0.090157	0.053564	0.063378	0.104258	130628.0	130628.0
127	0.310829	0.177994	0.197155	0.314021	0.393775	0.144464	0.264537	0.248079	0.106662	0.055738	0.058510	0.089919	0.057346	0.036003	0.031081	0.053564	0.056879	0.034893	0.042487	0.062896	0.091405	0.052722	0.064106	0.105789	130628.0	130628.0
128	0.312291	0.179357	0.196183	0.312169	0.393752	0.144418	0.261506	0.247305	0.105605	0.055838	0.058027	0.092821	0.058043	0.035949	0.030882	0.054483	0.055241	0.034954	0.042633	0.063355	0.090494	0.052041	0.064802	0.104832	130628.0	130628.0
129	0.309382	0.178782	0.196344	0.315491	0.394594	0.143361	0.263420	0.249479	0.106608	0.054108	0.058862	0.089805	0.057974	0.035360	0.030330	0.055118	0.055907	0.035628	0.042043	0.062766	0.092063	0.052883	0.064427	0.106118	130628.0	130628.0
130	0.312552	0.177979	0.195662	0.313807	0.395811	0.142818	0.264377	0.247520	0.107971	0.055639	0.058533	0.090409	0.057537	0.035100	0.031203	0.054138	0.056213	0.034855	0.041660	0.062934	0.091052	0.051903	0.064473	0.106378	130628.0	130628.0
131	0.312774	0.177496	0.195869	0.313861	0.394892	0.142060	0.262601	0.246547	0.107366	0.055976	0.058548	0.090884	0.057759	0.034579	0.030950	0.054207	0.055708	0.035551	0.040979	0.063631	0.091841	0.052960	0.064259	0.104801	130628.0	130628.0
132	0.312674	0.179066	0.194736	0.313524	0.396171	0.142282	0.262493	0.246440	0.106723	0.055333	0.057813	0.092806	0.058586	0.035237	0.030629	0.054613	0.057047	0.035505	0.040910	0.061273	0.091382	0.051329	0.065553	0.105261	130628.0	130628.0
133	0.313738	0.177405	0.194905	0.313953	0.396010	0.143652	0.263741	0.246456	0.106271	0.057300	0.058249	0.091918	0.057017	0.035061	0.031563	0.053763	0.057040	0.034847	0.042181	0.060837	0.091772	0.051582	0.064550	0.106049	130628.0	130628.0
134	0.312100	0.178790	0.196543	0.312567	0.395857	0.142519	0.262034	0.245889	0.106623	0.056711	0.057032	0.091734	0.058747	0.034671	0.031019	0.054353	0.056787	0.035237	0.041591	0.062927	0.091803	0.051168	0.063899	0.105697	130628.0	130628.0
135	0.313960	0.177787	0.193542	0.314710	0.397671	0.140789	0.262616	0.247451	0.107971	0.055754	0.058211	0.092025	0.057254	0.034158	0.030973	0.055402	0.055869	0.035092	0.040566	0.062016	0.091872	0.052087	0.064948	0.105804	130628.0	130628.0
136	0.312965	0.177091	0.194698	0.315246	0.397970	0.141937	0.263068	0.246486	0.107909	0.055279	0.058135	0.091642	0.058586	0.034434	0.031142	0.052929	0.056259	0.035597	0.040765	0.062077	0.091229	0.051934	0.064894	0.107190	130628.0	130628.0
137	0.313983	0.177244	0.194935	0.313838	0.398330	0.141585	0.263228	0.244572	0.108177	0.055654	0.058035	0.092117	0.060048	0.035123	0.030085	0.051987	0.056833	0.036194	0.040183	0.061725	0.092185	0.051612	0.064190	0.105850	130628.0	130628.0
138	0.317244	0.178583	0.192493	0.311679	0.400014	0.139993	0.264063	0.243493	0.109731	0.055823	0.059336	0.092354	0.060592	0.033492	0.030889	0.053610	0.055248	0.035865	0.039746	0.061633	0.091986	0.050449	0.063302	0.105942	130628.0	130628.0
139	0.317558	0.175629	0.193274	0.313539	0.399493	0.140399	0.264805	0.244228	0.109058	0.055080	0.060408	0.093012	0.059359	0.034587	0.029473	0.052209	0.055371	0.036370	0.039968	0.061564	0.091780	0.051788	0.064328	0.105644	130628.0	130628.0
140	0.315568	0.177826	0.194177	0.312429	0.396691	0.141922	0.263427	0.244320	0.107619	0.055815	0.059934	0.092201	0.059765	0.034587	0.030866	0.052607	0.055463	0.036057	0.040412	0.062245	0.090570	0.050824	0.064733	0.106302	130628.0	130628.0
141	0.313417	0.177282	0.195946	0.313355	0.396554	0.140536	0.264231	0.244549	0.107695	0.054812	0.059528	0.091382	0.059788	0.034288	0.030185	0.053021	0.056091	0.035146	0.040918	0.063792	0.091343	0.051107	0.064772	0.106133	130628.0	130628.0
142	0.314917	0.175353	0.195402	0.314328	0.399784	0.139763	0.263887	0.242084	0.108384	0.055585	0.058219	0.092729	0.059329	0.032711	0.030307	0.053005	0.056274	0.035735	0.041010	0.062383	0.092377	0.050073	0.065583	0.106294	130628.0	130628.0
143	0.316364	0.174105	0.195119	0.314412	0.400787	0.140108	0.262302	0.243462	0.109946	0.056006	0.057155	0.093257	0.059053	0.032887	0.030591	0.051574	0.054858	0.036286	0.040344	0.063631	0.089889	0.051306	0.065522	0.107695	130628.0	130628.0
144	0.313746	0.176486	0.193611	0.316157	0.401484	0.142772	0.262394	0.246517	0.108116	0.054843	0.058020	0.092767	0.058801	0.034296	0.030843	0.052546	0.054299	0.035674	0.041959	0.061679	0.092308	0.051383	0.064175	0.108292	130628.0	130628.0
145	0.313524	0.176195	0.194996	0.315285	0.401032	0.143170	0.264484	0.244664	0.108621	0.054560	0.058326	0.092017	0.057951	0.034587	0.031349	0.052309	0.056083	0.035781	0.041454	0.061679	0.092813	0.050188	0.064703	0.107580	130628.0	130628.0
146	0.315468	0.175116	0.195831	0.313585	0.400657	0.142757	0.267209	0.244373	0.110107	0.055470	0.059260	0.090631	0.057828	0.034518	0.030085	0.052684	0.056458	0.036769	0.041385	0.061220	0.091887	0.049140	0.064527	0.108032	130628.0	130628.0
147	0.316280	0.175896	0.195257	0.312567	0.400588	0.141026	0.264805	0.244970	0.109532	0.054529	0.059130	0.093089	0.058349	0.033094	0.030644	0.053809	0.055241	0.036386	0.040902	0.062728	0.090961	0.051061	0.063539	0.107006	130628.0	130628.0
148	0.314083	0.175070	0.194216	0.316632	0.400886	0.141417	0.263198	0.246333	0.109257	0.055539	0.057790	0.091496	0.058020	0.034786	0.029856	0.052408	0.055884	0.036508	0.040267	0.061556	0.092208	0.051214	0.065285	0.107925	130628.0	130628.0
149	0.315369	0.178048	0.193197	0.313386	0.401338	0.141516	0.263688	0.244657	0.109632	0.055700	0.058785	0.091251	0.059604	0.034702	0.031111	0.052630	0.055670	0.036103	0.039601	0.061824	0.092438	0.049308	0.063623	0.108017	130628.0	130628.0
150	0.317344	0.175812	0.193121	0.313723	0.402257	0.140276	0.262417	0.246670	0.109762	0.056052	0.058334	0.093196	0.058112	0.033607	0.030935	0.053159	0.054812	0.036225	0.039509	0.062575	0.091320	0.051926	0.062498	0.107978	130628.0	130628.0
151	0.314006	0.177810	0.191276	0.316908	0.401614	0.141891	0.260120	0.246570	0.109242	0.056106	0.057943	0.090716	0.058686	0.034365	0.031976	0.052783	0.053005	0.035620	0.039930	0.062720	0.092622	0.050387	0.064864	0.109035	130628.0	130628.0
152	0.313555	0.176478	0.194713	0.315254	0.400864	0.141310	0.263420	0.246892	0.109471	0.054820	0.058334	0.090930	0.057606	0.034273	0.030866	0.053733	0.055004	0.035559	0.040612	0.063539	0.091734	0.050158	0.064634	0.108729	130628.0	130628.0
153	0.313815	0.174809	0.194445	0.316931	0.402341	0.142198	0.262501	0.244327	0.109395	0.055203	0.057208	0.092009	0.056550	0.034273	0.031532	0.052454	0.055884	0.036378	0.040014	0.062169	0.093839	0.050502	0.065491	0.107098	130628.0	130628.0
154	0.315667	0.176356	0.194246	0.313731	0.400810	0.140651	0.264254	0.244220	0.110788	0.054820	0.058494	0.091565	0.058418	0.033086	0.032290	0.052561	0.055968	0.036271	0.039004	0.063003	0.090907	0.051023	0.064251	0.107550	130628.0	130628.0
155	0.316081	0.175200	0.194040	0.314680	0.401782	0.141685	0.264897	0.244733	0.110535	0.056152	0.058663	0.090731	0.057086	0.034227	0.031754	0.052133	0.055876	0.035881	0.039823	0.062460	0.093081	0.050939	0.063225	0.107435	130628.0	130628.0
156	0.316578	0.177198	0.193465	0.312758	0.399631	0.140207	0.263588	0.245705	0.109701	0.056389	0.058724	0.091764	0.058418	0.032971	0.031502	0.054307	0.054613	0.035184	0.040550	0.063118	0.090647	0.050908	0.063685	0.107519	130628.0	130628.0
157	0.313378	0.175452	0.194461	0.316709	0.401154	0.140215	0.263757	0.246869	0.108262	0.054889	0.057958	0.092270	0.057560	0.032964	0.030843	0.054085	0.056603	0.035475	0.040933	0.061449	0.093020	0.052217	0.063868	0.107603	130628.0	130628.0
158	0.315445	0.175544	0.193603	0.315407	0.401859	0.141493	0.265709	0.245483	0.111462	0.055195	0.059030	0.089759	0.057101	0.033660	0.031234	0.053549	0.054514	0.035896	0.040703	0.062490	0.093257	0.050893	0.063876	0.107381	130628.0	130628.0
159	0.316333	0.175644	0.194843	0.313179	0.401154	0.141731	0.266268	0.242153	0.110214	0.055631	0.058969	0.091519	0.058020	0.034365	0.031341	0.051918	0.056726	0.035666	0.040359	0.062092	0.093877	0.050326	0.063432	0.105544	130628.0	130628.0
160	0.318837	0.175988	0.194101	0.311074	0.399822	0.140965	0.263619	0.243279	0.109670	0.056948	0.058663	0.093556	0.057063	0.034127	0.031111	0.053687	0.055356	0.035796	0.039930	0.063019	0.091764	0.050632	0.063845	0.104832	130628.0	130628.0
161	0.313853	0.177504	0.193550	0.315093	0.398146	0.140804	0.263121	0.244289	0.107779	0.056282	0.059344	0.090448	0.058961	0.033783	0.031540	0.053220	0.055218	0.034702	0.040780	0.062850	0.093663	0.051030	0.064144	0.106256	130628.0	130628.0
162	0.315621	0.175797	0.195808	0.312774	0.397556	0.141386	0.265556	0.243730	0.109142	0.056626	0.059405	0.090448	0.057660	0.033125	0.031440	0.053572	0.055585	0.035398	0.041423	0.063401	0.092239	0.051306	0.063501	0.105728	130628.0	130628.0
163	0.314626	0.176455	0.195770	0.313149	0.398399	0.142833	0.266681	0.244450	0.109065	0.055187	0.059114	0.091259	0.058387	0.033775	0.030943	0.053350	0.056305	0.035919	0.042196	0.061350	0.092660	0.051911	0.063164	0.105414	130628.0	130628.0
164	0.316418	0.176792	0.195418	0.311373	0.399677	0.140804	0.265647	0.241970	0.109563	0.055700	0.057721	0.093433	0.060523	0.033102	0.031226	0.051941	0.057139	0.035253	0.041224	0.061801	0.092538	0.052783	0.061909	0.104143	130628.0	130628.0
165	0.319763	0.176838	0.192080	0.311319	0.401805	0.140866	0.265762	0.242819	0.110918	0.056596	0.059046	0.093204	0.058326	0.034059	0.031394	0.053059	0.055172	0.034786	0.040627	0.061495	0.092262	0.050280	0.063355	0.105422	130628.0	130628.0
166	0.316678	0.175720	0.194422	0.313179	0.400527	0.141823	0.261682	0.242207	0.108698	0.058900	0.056795	0.092285	0.058257	0.032994	0.031961	0.052508	0.055348	0.036026	0.040841	0.062207	0.093311	0.050472	0.063164	0.106233	130628.0	130628.0
167	0.315614	0.178392	0.192761	0.313233	0.402356	0.142175	0.263336	0.243807	0.110834	0.057759	0.056091	0.090930	0.058747	0.034449	0.032283	0.052914	0.055011	0.034043	0.041400	0.062307	0.093395	0.049247	0.063394	0.107198	130628.0	130628.0
168	0.317987	0.175498	0.193167	0.313348	0.402816	0.140804	0.266176	0.241365	0.110466	0.057193	0.058272	0.092055	0.058180	0.033561	0.031517	0.052240	0.056159	0.034449	0.041278	0.061281	0.093870	0.049140	0.063914	0.106424	130628.0	130628.0
169	0.318676	0.174342	0.194981	0.312000	0.404599	0.140873	0.265831	0.242253	0.111852	0.057162	0.057055	0.092606	0.057201	0.033017	0.031923	0.052202	0.056152	0.035161	0.040772	0.062896	0.093081	0.049974	0.061886	0.107060	130628.0	130628.0
170	0.318286	0.175315	0.191636	0.314764	0.406031	0.141187	0.264492	0.244021	0.112334	0.055869	0.056565	0.093517	0.057308	0.033645	0.032145	0.052217	0.054919	0.034725	0.040673	0.061319	0.093441	0.051421	0.063164	0.106738	130628.0	130628.0
171	0.318002	0.175659	0.192547	0.313792	0.402326	0.140062	0.264752	0.243309	0.111125	0.057989	0.057453	0.091435	0.058448	0.034036	0.031050	0.052125	0.056075	0.034878	0.040099	0.061495	0.092300	0.049683	0.064343	0.107465	130628.0	130628.0
172	0.317949	0.176585	0.192945	0.312521	0.400588	0.140552	0.264025	0.243615	0.111109	0.057828	0.057698	0.091313	0.059237	0.033653	0.031425	0.052271	0.055164	0.035421	0.040053	0.062307	0.091918	0.051444	0.062911	0.106248	130628.0	130628.0
173	0.317428	0.178346	0.192087	0.312138	0.402226	0.141669	0.265647	0.245813	0.111071	0.055807	0.058732	0.091818	0.058563	0.034403	0.031770	0.053610	0.055700	0.035352	0.040145	0.060890	0.092094	0.050556	0.062245	0.107243	130628.0	130628.0
174	0.317428	0.176118	0.192891	0.313562	0.402004	0.139151	0.264599	0.245200	0.110826	0.056841	0.057231	0.092530	0.057300	0.034870	0.031150	0.052799	0.057002	0.033592	0.039540	0.062758	0.091741	0.050625	0.064289	0.106907	130628.0	130628.0
175	0.316869	0.175927	0.192210	0.314994	0.403681	0.138715	0.265816	0.245950	0.112174	0.055371	0.057599	0.091726	0.057522	0.034066	0.031142	0.053197	0.056481	0.033944	0.039563	0.062222	0.092553	0.051459	0.063754	0.107228	130628.0	130628.0
176	0.318730	0.174840	0.192057	0.314374	0.403214	0.139028	0.264966	0.243340	0.112334	0.057453	0.057583	0.091359	0.058372	0.033255	0.030996	0.052217	0.055616	0.035345	0.039433	0.061664	0.092293	0.050640	0.064213	0.107228	130628.0	130628.0
177	0.318615	0.176693	0.192225	0.312467	0.403933	0.139618	0.264568	0.244603	0.112411	0.055386	0.057614	0.093204	0.058709	0.034120	0.031195	0.052669	0.055807	0.035567	0.038736	0.062115	0.091963	0.051459	0.062689	0.106355	130628.0	130628.0
178	0.318890	0.176532	0.190235	0.314343	0.403045	0.137758	0.262700	0.245300	0.110329	0.058272	0.057400	0.092890	0.058747	0.034135	0.030116	0.053534	0.055279	0.033814	0.039693	0.061449	0.093257	0.051061	0.063455	0.106570	130628.0	130628.0
179	0.317612	0.177282	0.190664	0.314443	0.404416	0.139227	0.263328	0.245552	0.111607	0.056741	0.057392	0.091872	0.057890	0.032803	0.031785	0.054804	0.054567	0.034878	0.039762	0.061457	0.093456	0.050464	0.063042	0.107481	130628.0	130628.0
180	0.317520	0.174886	0.191980	0.315614	0.401843	0.137321	0.265647	0.246769	0.110306	0.056619	0.058693	0.091902	0.057407	0.033615	0.029703	0.054161	0.056680	0.034036	0.039968	0.061296	0.092836	0.052194	0.063784	0.106799	130628.0	130628.0
181	0.317229	0.176463	0.192149	0.314159	0.401507	0.140353	0.263359	0.246004	0.110551	0.057047	0.057522	0.092109	0.058380	0.033469	0.030889	0.053725	0.054697	0.035406	0.040589	0.061457	0.092155	0.052117	0.063195	0.106692	130628.0	130628.0
182	0.315782	0.178040	0.192195	0.313983	0.400810	0.140200	0.261667	0.246471	0.111125	0.055693	0.056848	0.092117	0.058663	0.033622	0.031762	0.053993	0.054552	0.035674	0.039142	0.062827	0.091512	0.052799	0.063616	0.106057	130628.0	130628.0
183	0.315851	0.177787	0.191368	0.314994	0.402862	0.139243	0.261131	0.246831	0.109196	0.056787	0.056443	0.093426	0.058663	0.034801	0.030430	0.053893	0.056006	0.034526	0.039486	0.061350	0.093456	0.051352	0.063401	0.106784	130628.0	130628.0
184	0.317321	0.177466	0.189760	0.315453	0.403015	0.138776	0.262861	0.247566	0.111538	0.057262	0.056703	0.091818	0.058219	0.034388	0.030330	0.054529	0.054751	0.034189	0.039869	0.060952	0.092438	0.051428	0.064366	0.107221	130628.0	130628.0
185	0.316946	0.177267	0.191268	0.314519	0.402287	0.138424	0.262662	0.246234	0.110382	0.056305	0.056772	0.093487	0.058755	0.033936	0.029940	0.054636	0.054529	0.033569	0.040979	0.062192	0.092140	0.051383	0.064718	0.106279	130628.0	130628.0
186	0.315805	0.175192	0.192409	0.316594	0.403926	0.140491	0.261192	0.248484	0.109387	0.055754	0.056818	0.093847	0.056764	0.034878	0.030430	0.053120	0.054360	0.034556	0.040627	0.062866	0.092675	0.052470	0.063432	0.108017	130628.0	130628.0
187	0.313187	0.177657	0.191307	0.317849	0.403298	0.138538	0.261873	0.249150	0.109999	0.055601	0.055532	0.092055	0.058272	0.034755	0.030399	0.054230	0.056795	0.033837	0.039547	0.061128	0.092599	0.051520	0.065086	0.108644	130628.0	130628.0
188	0.317665	0.175713	0.190564	0.316058	0.405013	0.139932	0.263435	0.247688	0.112640	0.056550	0.056297	0.092178	0.056902	0.034288	0.030415	0.054108	0.054759	0.035490	0.039739	0.060577	0.093066	0.052163	0.063700	0.107129	130628.0	130628.0
189	0.317367	0.178492	0.190151	0.313991	0.402555	0.141026	0.262708	0.246593	0.111982	0.057683	0.055846	0.091856	0.057231	0.034824	0.031035	0.055402	0.054820	0.035107	0.040060	0.060163	0.092706	0.050357	0.064917	0.106011	130628.0	130628.0
190	0.316739	0.177971	0.191858	0.313432	0.401330	0.141547	0.261720	0.245828	0.110872	0.054644	0.057216	0.094007	0.058464	0.035482	0.030568	0.053457	0.053779	0.035643	0.039854	0.062582	0.091121	0.051559	0.065422	0.105330	130628.0	130628.0
191	0.314236	0.177328	0.193060	0.315376	0.401920	0.142963	0.261950	0.247099	0.109448	0.055134	0.057292	0.092362	0.056956	0.034326	0.031586	0.054460	0.054552	0.036393	0.040657	0.061457	0.092867	0.051069	0.064198	0.107243	130628.0	130628.0
192	0.313822	0.176922	0.193733	0.315522	0.400642	0.143155	0.259868	0.245759	0.108491	0.056626	0.056121	0.092584	0.058693	0.034686	0.030116	0.053427	0.054299	0.037396	0.040956	0.061082	0.093020	0.051099	0.064856	0.106547	130628.0	130628.0
193	0.314504	0.179808	0.192049	0.313639	0.397725	0.143514	0.259692	0.247382	0.108507	0.057591	0.056519	0.091887	0.058135	0.035107	0.031280	0.055287	0.054659	0.037121	0.040007	0.060263	0.091986	0.051643	0.064665	0.105345	130628.0	130628.0
194	0.313287	0.181462	0.192470	0.312781	0.399003	0.143009	0.259937	0.248545	0.110336	0.055723	0.056060	0.091167	0.057714	0.036118	0.031578	0.056052	0.054560	0.036332	0.038981	0.062598	0.092277	0.051153	0.064129	0.105222	130628.0	130628.0
195	0.314887	0.179326	0.190748	0.315040	0.400894	0.142068	0.258222	0.246701	0.109150	0.056917	0.056443	0.092377	0.058242	0.034441	0.031341	0.055302	0.053074	0.036730	0.039555	0.061388	0.093387	0.050977	0.064695	0.105980	130628.0	130628.0
196	0.313853	0.179066	0.192034	0.315047	0.399998	0.143438	0.261139	0.246463	0.109242	0.056320	0.057637	0.090654	0.057836	0.035054	0.031019	0.055157	0.054062	0.037167	0.040198	0.060607	0.093349	0.049499	0.065445	0.106754	130628.0	130628.0
197	0.314488	0.178040	0.194300	0.313172	0.400106	0.143966	0.261621	0.247589	0.109823	0.057706	0.055578	0.091382	0.056925	0.034250	0.031287	0.055578	0.055149	0.037358	0.041071	0.060722	0.091696	0.050556	0.063715	0.107205	130628.0	130628.0
198	0.313593	0.179870	0.191651	0.314887	0.400718	0.142542	0.260511	0.246808	0.110061	0.055922	0.056864	0.090746	0.058755	0.035345	0.031326	0.054445	0.054269	0.036554	0.039318	0.061511	0.093556	0.050663	0.064312	0.106355	130628.0	130628.0
199	0.316640	0.178484	0.191820	0.313057	0.400289	0.143086	0.262639	0.245147	0.109441	0.056213	0.057951	0.093035	0.058234	0.034656	0.030606	0.054988	0.054391	0.036968	0.040856	0.059604	0.092629	0.050318	0.064925	0.105184	130628.0	130628.0
