Distance in bp(Fragment Length Estimate: 75)(Peak Width Estimate: 75)	Same Strand (+ for Watson strand, - for Crick)	Opposite Strand
-2000	1586.0	738.0
-1999	1656.0	704.0
-1998	1616.0	785.0
-1997	1573.0	700.0
-1996	1667.0	706.0
-1995	1676.0	765.0
-1994	1786.0	773.0
-1993	1669.0	889.0
-1992	1636.0	823.0
-1991	1771.0	892.0
-1990	1755.0	870.0
-1989	1879.0	838.0
-1988	1752.0	899.0
-1987	1774.0	826.0
-1986	1799.0	811.0
-1985	1787.0	925.0
-1984	1776.0	887.0
-1983	1875.0	904.0
-1982	1887.0	838.0
-1981	1832.0	830.0
-1980	1799.0	849.0
-1979	1767.0	880.0
-1978	1655.0	908.0
-1977	1613.0	892.0
-1976	1449.0	856.0
-1975	1499.0	797.0
-1974	1540.0	902.0
-1973	1473.0	852.0
-1972	1463.0	851.0
-1971	1447.0	790.0
-1970	1600.0	810.0
-1969	1647.0	817.0
-1968	1614.0	806.0
-1967	1686.0	870.0
-1966	1602.0	919.0
-1965	1644.0	983.0
-1964	1596.0	1059.0
-1963	1559.0	1060.0
-1962	1676.0	1129.0
-1961	1616.0	944.0
-1960	1646.0	868.0
-1959	1624.0	850.0
-1958	1655.0	835.0
-1957	1646.0	821.0
-1956	1591.0	785.0
-1955	1630.0	677.0
-1954	1632.0	732.0
-1953	1633.0	694.0
-1952	1615.0	706.0
-1951	1614.0	644.0
-1950	1642.0	718.0
-1949	1623.0	650.0
-1948	1546.0	655.0
-1947	1571.0	720.0
-1946	1573.0	748.0
-1945	1614.0	689.0
-1944	1620.0	681.0
-1943	1563.0	702.0
-1942	1516.0	756.0
-1941	1576.0	833.0
-1940	1528.0	728.0
-1939	1487.0	716.0
-1938	1408.0	663.0
-1937	1418.0	705.0
-1936	1403.0	709.0
-1935	1431.0	681.0
-1934	1507.0	622.0
-1933	1501.0	692.0
-1932	1481.0	680.0
-1931	1523.0	624.0
-1930	1519.0	638.0
-1929	1526.0	762.0
-1928	1581.0	727.0
-1927	1640.0	750.0
-1926	1561.0	799.0
-1925	1619.0	795.0
-1924	1528.0	765.0
-1923	1593.0	831.0
-1922	1493.0	865.0
-1921	1544.0	789.0
-1920	1512.0	866.0
-1919	1578.0	818.0
-1918	1455.0	898.0
-1917	1448.0	780.0
-1916	1326.0	814.0
-1915	1327.0	737.0
-1914	1359.0	820.0
-1913	1458.0	869.0
-1912	1375.0	809.0
-1911	1418.0	895.0
-1910	1507.0	910.0
-1909	1500.0	786.0
-1908	1436.0	771.0
-1907	1548.0	870.0
-1906	1523.0	779.0
-1905	1462.0	744.0
-1904	1576.0	710.0
-1903	1621.0	755.0
-1902	1539.0	725.0
-1901	1505.0	768.0
-1900	1616.0	769.0
-1899	1599.0	753.0
-1898	1588.0	888.0
-1897	1697.0	872.0
-1896	1716.0	767.0
-1895	1823.0	816.0
-1894	1641.0	765.0
-1893	1777.0	804.0
-1892	1830.0	902.0
-1891	1791.0	878.0
-1890	1869.0	879.0
-1889	1798.0	793.0
-1888	1815.0	831.0
-1887	1753.0	826.0
-1886	1826.0	878.0
-1885	1802.0	847.0
-1884	1759.0	882.0
-1883	1628.0	829.0
-1882	1653.0	806.0
-1881	1775.0	873.0
-1880	1812.0	913.0
-1879	1818.0	846.0
-1878	1838.0	890.0
-1877	1828.0	895.0
-1876	1906.0	894.0
-1875	1911.0	953.0
-1874	1936.0	947.0
-1873	1838.0	978.0
-1872	1906.0	946.0
-1871	1939.0	938.0
-1870	1806.0	886.0
-1869	1838.0	875.0
-1868	1752.0	914.0
-1867	1928.0	961.0
-1866	1813.0	1006.0
-1865	1849.0	1012.0
-1864	1866.0	1007.0
-1863	1761.0	963.0
-1862	1798.0	966.0
-1861	1765.0	888.0
-1860	1730.0	812.0
-1859	1679.0	813.0
-1858	1824.0	776.0
-1857	1744.0	810.0
-1856	1801.0	927.0
-1855	1796.0	983.0
-1854	1738.0	916.0
-1853	1819.0	783.0
-1852	1886.0	796.0
-1851	2027.0	899.0
-1850	2012.0	930.0
-1849	1948.0	950.0
-1848	1948.0	859.0
-1847	1874.0	805.0
-1846	1932.0	774.0
-1845	2023.0	828.0
-1844	1930.0	900.0
-1843	2027.0	918.0
-1842	1941.0	897.0
-1841	2034.0	876.0
-1840	2013.0	818.0
-1839	1942.0	833.0
-1838	1992.0	809.0
-1837	1957.0	687.0
-1836	1954.0	717.0
-1835	1925.0	701.0
-1834	1823.0	751.0
-1833	1854.0	683.0
-1832	1871.0	753.0
-1831	2010.0	700.0
-1830	2000.0	675.0
-1829	1950.0	715.0
-1828	1898.0	682.0
-1827	1901.0	812.0
-1826	1838.0	764.0
-1825	1706.0	789.0
-1824	1668.0	824.0
-1823	1700.0	905.0
-1822	1629.0	875.0
-1821	1635.0	905.0
-1820	1628.0	826.0
-1819	1675.0	832.0
-1818	1625.0	858.0
-1817	1679.0	868.0
-1816	1679.0	864.0
-1815	1618.0	904.0
-1814	1588.0	794.0
-1813	1533.0	815.0
-1812	1468.0	776.0
-1811	1559.0	781.0
-1810	1596.0	785.0
-1809	1556.0	791.0
-1808	1544.0	786.0
-1807	1649.0	765.0
-1806	1646.0	720.0
-1805	1756.0	748.0
-1804	1773.0	772.0
-1803	1702.0	801.0
-1802	1805.0	744.0
-1801	1664.0	713.0
-1800	1700.0	750.0
-1799	1702.0	771.0
-1798	1713.0	706.0
-1797	1691.0	678.0
-1796	1785.0	631.0
-1795	1716.0	662.0
-1794	1731.0	784.0
-1793	1780.0	731.0
-1792	1891.0	725.0
-1791	1792.0	707.0
-1790	1846.0	704.0
-1789	1855.0	708.0
-1788	1840.0	728.0
-1787	1831.0	756.0
-1786	1812.0	826.0
-1785	1827.0	805.0
-1784	1752.0	914.0
-1783	1845.0	969.0
-1782	1923.0	959.0
-1781	1838.0	964.0
-1780	1850.0	970.0
-1779	1789.0	871.0
-1778	1743.0	929.0
-1777	1736.0	875.0
-1776	1740.0	816.0
-1775	1669.0	837.0
-1774	1770.0	787.0
-1773	1670.0	835.0
-1772	1649.0	870.0
-1771	1640.0	811.0
-1770	1575.0	944.0
-1769	1614.0	924.0
-1768	1734.0	800.0
-1767	1653.0	992.0
-1766	1754.0	917.0
-1765	1662.0	892.0
-1764	1643.0	897.0
-1763	1633.0	929.0
-1762	1658.0	868.0
-1761	1568.0	889.0
-1760	1574.0	864.0
-1759	1759.0	951.0
-1758	1751.0	896.0
-1757	1677.0	874.0
-1756	1696.0	932.0
-1755	1723.0	872.0
-1754	1628.0	839.0
-1753	1688.0	830.0
-1752	1754.0	860.0
-1751	1756.0	868.0
-1750	1745.0	786.0
-1749	1674.0	824.0
-1748	1748.0	775.0
-1747	1785.0	756.0
-1746	1720.0	731.0
-1745	1846.0	706.0
-1744	1664.0	659.0
-1743	1613.0	737.0
-1742	1611.0	666.0
-1741	1586.0	707.0
-1740	1676.0	705.0
-1739	1672.0	756.0
-1738	1792.0	817.0
-1737	1794.0	745.0
-1736	1814.0	851.0
-1735	1835.0	727.0
-1734	1913.0	766.0
-1733	1874.0	822.0
-1732	1874.0	762.0
-1731	1762.0	785.0
-1730	1887.0	843.0
-1729	1872.0	834.0
-1728	1886.0	765.0
-1727	1849.0	893.0
-1726	1876.0	952.0
-1725	1907.0	965.0
-1724	1861.0	943.0
-1723	1841.0	1011.0
-1722	1789.0	978.0
-1721	1720.0	863.0
-1720	1636.0	824.0
-1719	1643.0	822.0
-1718	1706.0	838.0
-1717	1696.0	814.0
-1716	1644.0	707.0
-1715	1626.0	785.0
-1714	1574.0	768.0
-1713	1533.0	752.0
-1712	1721.0	736.0
-1711	1621.0	733.0
-1710	1637.0	742.0
-1709	1649.0	741.0
-1708	1658.0	740.0
-1707	1612.0	773.0
-1706	1642.0	821.0
-1705	1657.0	818.0
-1704	1706.0	837.0
-1703	1676.0	949.0
-1702	1606.0	872.0
-1701	1658.0	971.0
-1700	1565.0	936.0
-1699	1589.0	942.0
-1698	1709.0	879.0
-1697	1667.0	881.0
-1696	1662.0	847.0
-1695	1678.0	882.0
-1694	1670.0	876.0
-1693	1645.0	911.0
-1692	1632.0	978.0
-1691	1709.0	916.0
-1690	1738.0	864.0
-1689	1681.0	906.0
-1688	1658.0	869.0
-1687	1598.0	875.0
-1686	1613.0	928.0
-1685	1572.0	829.0
-1684	1517.0	785.0
-1683	1620.0	753.0
-1682	1651.0	782.0
-1681	1622.0	751.0
-1680	1560.0	716.0
-1679	1645.0	718.0
-1678	1611.0	682.0
-1677	1607.0	730.0
-1676	1726.0	697.0
-1675	1539.0	765.0
-1674	1643.0	736.0
-1673	1492.0	811.0
-1672	1597.0	839.0
-1671	1605.0	771.0
-1670	1499.0	768.0
-1669	1545.0	796.0
-1668	1513.0	776.0
-1667	1513.0	810.0
-1666	1475.0	718.0
-1665	1536.0	801.0
-1664	1550.0	777.0
-1663	1643.0	727.0
-1662	1638.0	683.0
-1661	1679.0	819.0
-1660	1725.0	801.0
-1659	1621.0	766.0
-1658	1758.0	862.0
-1657	1790.0	870.0
-1656	1668.0	897.0
-1655	1691.0	821.0
-1654	1720.0	868.0
-1653	1804.0	860.0
-1652	1749.0	878.0
-1651	1767.0	805.0
-1650	1870.0	673.0
-1649	1890.0	699.0
-1648	1871.0	740.0
-1647	1886.0	752.0
-1646	1867.0	806.0
-1645	1754.0	706.0
-1644	1820.0	734.0
-1643	1852.0	780.0
-1642	1807.0	746.0
-1641	1657.0	820.0
-1640	1696.0	820.0
-1639	1611.0	908.0
-1638	1701.0	780.0
-1637	1703.0	902.0
-1636	1770.0	979.0
-1635	1683.0	1030.0
-1634	1759.0	891.0
-1633	1631.0	752.0
-1632	1752.0	798.0
-1631	1779.0	834.0
-1630	1652.0	853.0
-1629	1759.0	744.0
-1628	1677.0	682.0
-1627	1757.0	750.0
-1626	1690.0	769.0
-1625	1613.0	793.0
-1624	1683.0	772.0
-1623	1697.0	713.0
-1622	1779.0	735.0
-1621	1794.0	719.0
-1620	1838.0	855.0
-1619	1818.0	818.0
-1618	1744.0	799.0
-1617	1795.0	770.0
-1616	1852.0	786.0
-1615	1758.0	862.0
-1614	1841.0	851.0
-1613	1853.0	818.0
-1612	1751.0	839.0
-1611	1760.0	848.0
-1610	1719.0	864.0
-1609	1810.0	812.0
-1608	1815.0	840.0
-1607	1866.0	826.0
-1606	1777.0	806.0
-1605	1722.0	883.0
-1604	1677.0	968.0
-1603	1696.0	916.0
-1602	1700.0	849.0
-1601	1749.0	735.0
-1600	1768.0	826.0
-1599	1806.0	861.0
-1598	1781.0	816.0
-1597	1662.0	826.0
-1596	1674.0	769.0
-1595	1595.0	793.0
-1594	1650.0	739.0
-1593	1735.0	847.0
-1592	1888.0	804.0
-1591	1602.0	803.0
-1590	1524.0	741.0
-1589	1541.0	801.0
-1588	1517.0	712.0
-1587	1447.0	738.0
-1586	1453.0	748.0
-1585	1497.0	780.0
-1584	1494.0	805.0
-1583	1548.0	805.0
-1582	1558.0	932.0
-1581	1648.0	841.0
-1580	1629.0	861.0
-1579	1619.0	886.0
-1578	1591.0	757.0
-1577	1672.0	819.0
-1576	1664.0	902.0
-1575	1620.0	867.0
-1574	1632.0	891.0
-1573	1640.0	775.0
-1572	1723.0	789.0
-1571	1656.0	721.0
-1570	1598.0	742.0
-1569	1627.0	774.0
-1568	1636.0	754.0
-1567	1669.0	741.0
-1566	1642.0	736.0
-1565	1724.0	757.0
-1564	1733.0	749.0
-1563	1760.0	699.0
-1562	1709.0	679.0
-1561	1688.0	678.0
-1560	1681.0	628.0
-1559	1774.0	727.0
-1558	1795.0	733.0
-1557	1892.0	795.0
-1556	1866.0	769.0
-1555	1876.0	755.0
-1554	1827.0	709.0
-1553	1829.0	677.0
-1552	1790.0	743.0
-1551	1910.0	799.0
-1550	2048.0	767.0
-1549	2048.0	723.0
-1548	1961.0	805.0
-1547	2059.0	745.0
-1546	1924.0	797.0
-1545	1904.0	737.0
-1544	1727.0	666.0
-1543	1859.0	733.0
-1542	1867.0	808.0
-1541	1863.0	747.0
-1540	1870.0	747.0
-1539	1839.0	669.0
-1538	1877.0	733.0
-1537	1923.0	784.0
-1536	1908.0	815.0
-1535	1963.0	876.0
-1534	1884.0	811.0
-1533	1934.0	714.0
-1532	1964.0	859.0
-1531	2006.0	827.0
-1530	1961.0	886.0
-1529	1947.0	849.0
-1528	1955.0	881.0
-1527	2005.0	903.0
-1526	1963.0	946.0
-1525	1985.0	936.0
-1524	1978.0	947.0
-1523	1995.0	953.0
-1522	2002.0	1023.0
-1521	1964.0	987.0
-1520	1914.0	1051.0
-1519	2026.0	1052.0
-1518	2048.0	989.0
-1517	2043.0	870.0
-1516	1963.0	914.0
-1515	1899.0	832.0
-1514	1864.0	802.0
-1513	1784.0	717.0
-1512	1945.0	816.0
-1511	1991.0	819.0
-1510	1971.0	778.0
-1509	1907.0	773.0
-1508	1986.0	695.0
-1507	2182.0	782.0
-1506	2650.0	739.0
-1505	2233.0	775.0
-1504	2199.0	824.0
-1503	2075.0	766.0
-1502	2090.0	830.0
-1501	2059.0	826.0
-1500	2096.0	900.0
-1499	2125.0	849.0
-1498	2302.0	868.0
-1497	2253.0	895.0
-1496	2277.0	816.0
-1495	2169.0	907.0
-1494	2160.0	844.0
-1493	2125.0	911.0
-1492	2129.0	903.0
-1491	2124.0	786.0
-1490	2131.0	792.0
-1489	2016.0	809.0
-1488	2116.0	867.0
-1487	2184.0	860.0
-1486	2299.0	859.0
-1485	2216.0	832.0
-1484	2243.0	775.0
-1483	2109.0	764.0
-1482	2006.0	844.0
-1481	1974.0	776.0
-1480	2009.0	707.0
-1479	1918.0	813.0
-1478	2024.0	734.0
-1477	1938.0	785.0
-1476	2032.0	733.0
-1475	1995.0	788.0
-1474	1881.0	798.0
-1473	1904.0	850.0
-1472	1865.0	802.0
-1471	1804.0	775.0
-1470	1825.0	764.0
-1469	1899.0	858.0
-1468	1903.0	858.0
-1467	2067.0	837.0
-1466	2090.0	868.0
-1465	2081.0	880.0
-1464	1940.0	837.0
-1463	1936.0	819.0
-1462	1860.0	755.0
-1461	1850.0	789.0
-1460	1921.0	778.0
-1459	1847.0	752.0
-1458	1898.0	817.0
-1457	1928.0	882.0
-1456	1836.0	822.0
-1455	1985.0	816.0
-1454	2025.0	765.0
-1453	2136.0	766.0
-1452	2019.0	757.0
-1451	1987.0	720.0
-1450	1968.0	805.0
-1449	1994.0	783.0
-1448	1981.0	820.0
-1447	1892.0	796.0
-1446	1904.0	746.0
-1445	1937.0	808.0
-1444	2099.0	777.0
-1443	2051.0	779.0
-1442	2150.0	778.0
-1441	2006.0	866.0
-1440	1950.0	925.0
-1439	1998.0	874.0
-1438	1977.0	807.0
-1437	2068.0	853.0
-1436	1969.0	847.0
-1435	1904.0	804.0
-1434	1921.0	768.0
-1433	1972.0	818.0
-1432	1912.0	793.0
-1431	1880.0	749.0
-1430	1868.0	780.0
-1429	2034.0	756.0
-1428	1951.0	768.0
-1427	2152.0	769.0
-1426	2292.0	873.0
-1425	2145.0	846.0
-1424	2262.0	836.0
-1423	2319.0	792.0
-1422	2365.0	855.0
-1421	2204.0	953.0
-1420	2203.0	855.0
-1419	2249.0	943.0
-1418	2208.0	950.0
-1417	2173.0	921.0
-1416	2341.0	1096.0
-1415	2508.0	1111.0
-1414	2141.0	1188.0
-1413	2198.0	1216.0
-1412	2099.0	1183.0
-1411	2145.0	1167.0
-1410	2048.0	1106.0
-1409	2017.0	1102.0
-1408	1942.0	1091.0
-1407	1944.0	1062.0
-1406	1897.0	1102.0
-1405	1896.0	1057.0
-1404	1834.0	1102.0
-1403	1829.0	1062.0
-1402	1882.0	1107.0
-1401	1969.0	1078.0
-1400	1895.0	1184.0
-1399	1883.0	1145.0
-1398	1884.0	1077.0
-1397	1782.0	1222.0
-1396	1946.0	1243.0
-1395	1840.0	1071.0
-1394	1922.0	1079.0
-1393	1869.0	950.0
-1392	1866.0	930.0
-1391	1877.0	948.0
-1390	1805.0	920.0
-1389	1802.0	925.0
-1388	1818.0	1040.0
-1387	1785.0	1079.0
-1386	1899.0	1097.0
-1385	1906.0	1121.0
-1384	1918.0	1108.0
-1383	2020.0	1218.0
-1382	1964.0	1182.0
-1381	2018.0	1299.0
-1380	1969.0	1339.0
-1379	2049.0	1081.0
-1378	2255.0	1100.0
-1377	2186.0	1179.0
-1376	2106.0	1169.0
-1375	2066.0	1172.0
-1374	2130.0	1248.0
-1373	2107.0	1131.0
-1372	2283.0	1166.0
-1371	2238.0	1105.0
-1370	2105.0	1116.0
-1369	2150.0	981.0
-1368	2201.0	1064.0
-1367	2317.0	960.0
-1366	2259.0	962.0
-1365	2261.0	1009.0
-1364	2163.0	969.0
-1363	2242.0	989.0
-1362	2263.0	1063.0
-1361	2302.0	1110.0
-1360	2358.0	1102.0
-1359	2319.0	996.0
-1358	2412.0	1014.0
-1357	2454.0	953.0
-1356	2364.0	972.0
-1355	2332.0	991.0
-1354	2335.0	946.0
-1353	2335.0	932.0
-1352	2439.0	955.0
-1351	2466.0	934.0
-1350	2499.0	949.0
-1349	2453.0	948.0
-1348	2371.0	1033.0
-1347	2324.0	1068.0
-1346	2376.0	991.0
-1345	2428.0	886.0
-1344	2322.0	910.0
-1343	2357.0	941.0
-1342	2402.0	985.0
-1341	2355.0	948.0
-1340	2118.0	914.0
-1339	2201.0	855.0
-1338	2198.0	872.0
-1337	2128.0	919.0
-1336	2321.0	986.0
-1335	2318.0	988.0
-1334	2353.0	870.0
-1333	2304.0	921.0
-1332	2216.0	951.0
-1331	2246.0	933.0
-1330	2123.0	1009.0
-1329	2032.0	1001.0
-1328	2012.0	1023.0
-1327	1949.0	919.0
-1326	1994.0	907.0
-1325	2009.0	967.0
-1324	2005.0	1099.0
-1323	2044.0	1058.0
-1322	2371.0	1001.0
-1321	2035.0	1079.0
-1320	1964.0	1065.0
-1319	2078.0	1126.0
-1318	2081.0	1042.0
-1317	2028.0	1082.0
-1316	2012.0	1009.0
-1315	2051.0	999.0
-1314	2296.0	999.0
-1313	2119.0	891.0
-1312	2101.0	832.0
-1311	2151.0	834.0
-1310	2011.0	818.0
-1309	2017.0	847.0
-1308	2037.0	863.0
-1307	1985.0	908.0
-1306	1990.0	951.0
-1305	1903.0	1098.0
-1304	2007.0	1079.0
-1303	1982.0	1118.0
-1302	2196.0	1030.0
-1301	1957.0	1128.0
-1300	2024.0	1265.0
-1299	2083.0	1226.0
-1298	1959.0	1144.0
-1297	2069.0	1061.0
-1296	2081.0	1122.0
-1295	2095.0	1173.0
-1294	2061.0	1113.0
-1293	2123.0	929.0
-1292	2046.0	970.0
-1291	2001.0	1004.0
-1290	2086.0	988.0
-1289	1940.0	1029.0
-1288	1974.0	1057.0
-1287	1931.0	1047.0
-1286	1866.0	1051.0
-1285	1809.0	1056.0
-1284	1842.0	982.0
-1283	1789.0	1014.0
-1282	1796.0	986.0
-1281	1842.0	1091.0
-1280	1826.0	1071.0
-1279	1807.0	998.0
-1278	1867.0	1108.0
-1277	1813.0	1010.0
-1276	1863.0	931.0
-1275	1687.0	1033.0
-1274	1820.0	1102.0
-1273	1767.0	1027.0
-1272	1846.0	1137.0
-1271	1787.0	1134.0
-1270	1833.0	1093.0
-1269	1872.0	1082.0
-1268	1863.0	1101.0
-1267	1874.0	1098.0
-1266	1807.0	1163.0
-1265	1862.0	1175.0
-1264	1933.0	1243.0
-1263	2038.0	1295.0
-1262	1971.0	1344.0
-1261	1932.0	1310.0
-1260	1958.0	1337.0
-1259	1912.0	1345.0
-1258	1932.0	1529.0
-1257	1928.0	1349.0
-1256	1862.0	1313.0
-1255	1932.0	1315.0
-1254	1957.0	1333.0
-1253	2126.0	1298.0
-1252	2151.0	1174.0
-1251	2119.0	1148.0
-1250	2123.0	1011.0
-1249	2323.0	1143.0
-1248	2316.0	1182.0
-1247	2213.0	1292.0
-1246	2066.0	1169.0
-1245	2157.0	1239.0
-1244	2224.0	1229.0
-1243	2271.0	1313.0
-1242	2375.0	1347.0
-1241	2359.0	1368.0
-1240	2354.0	1424.0
-1239	2389.0	1434.0
-1238	2312.0	1473.0
-1237	2265.0	1455.0
-1236	2124.0	1401.0
-1235	2129.0	1262.0
-1234	2041.0	1217.0
-1233	2165.0	1166.0
-1232	2020.0	1125.0
-1231	2016.0	1056.0
-1230	2156.0	981.0
-1229	2222.0	922.0
-1228	2090.0	939.0
-1227	2033.0	970.0
-1226	1939.0	968.0
-1225	2045.0	998.0
-1224	2042.0	1048.0
-1223	2007.0	975.0
-1222	2061.0	1067.0
-1221	2132.0	932.0
-1220	2052.0	927.0
-1219	2018.0	936.0
-1218	2023.0	916.0
-1217	1958.0	904.0
-1216	1918.0	1064.0
-1215	1908.0	1023.0
-1214	1844.0	994.0
-1213	1754.0	1010.0
-1212	1821.0	896.0
-1211	1934.0	915.0
-1210	1899.0	957.0
-1209	1923.0	969.0
-1208	1861.0	970.0
-1207	1925.0	1013.0
-1206	1911.0	1020.0
-1205	1911.0	1134.0
-1204	1794.0	1106.0
-1203	1857.0	1086.0
-1202	1831.0	1032.0
-1201	1877.0	977.0
-1200	1849.0	957.0
-1199	1859.0	1041.0
-1198	1860.0	944.0
-1197	1949.0	930.0
-1196	1916.0	915.0
-1195	1819.0	1015.0
-1194	1904.0	1001.0
-1193	1807.0	1038.0
-1192	1756.0	1051.0
-1191	1833.0	937.0
-1190	1769.0	985.0
-1189	1895.0	893.0
-1188	1906.0	861.0
-1187	1853.0	863.0
-1186	1944.0	895.0
-1185	1906.0	926.0
-1184	1917.0	901.0
-1183	1814.0	851.0
-1182	1890.0	1005.0
-1181	1857.0	925.0
-1180	2050.0	919.0
-1179	2017.0	964.0
-1178	2055.0	935.0
-1177	2136.0	940.0
-1176	2000.0	892.0
-1175	1947.0	950.0
-1174	1956.0	1001.0
-1173	1835.0	989.0
-1172	1894.0	1010.0
-1171	1942.0	1025.0
-1170	1900.0	1033.0
-1169	1955.0	1057.0
-1168	2047.0	1144.0
-1167	2047.0	1155.0
-1166	1953.0	1202.0
-1165	1917.0	1122.0
-1164	2035.0	1119.0
-1163	2125.0	1006.0
-1162	2016.0	1020.0
-1161	2089.0	929.0
-1160	2178.0	950.0
-1159	2028.0	989.0
-1158	1941.0	914.0
-1157	2014.0	1025.0
-1156	2017.0	949.0
-1155	1995.0	998.0
-1154	2071.0	974.0
-1153	2029.0	948.0
-1152	2152.0	1030.0
-1151	2090.0	998.0
-1150	2132.0	982.0
-1149	2209.0	1006.0
-1148	2130.0	1081.0
-1147	2133.0	970.0
-1146	2164.0	1059.0
-1145	2105.0	994.0
-1144	2156.0	994.0
-1143	2136.0	1022.0
-1142	2097.0	1082.0
-1141	2167.0	1063.0
-1140	2256.0	1183.0
-1139	2329.0	1215.0
-1138	2357.0	1262.0
-1137	2321.0	1131.0
-1136	2348.0	1156.0
-1135	2343.0	1144.0
-1134	2379.0	1063.0
-1133	2324.0	1089.0
-1132	2226.0	1056.0
-1131	2205.0	1086.0
-1130	2100.0	1146.0
-1129	2144.0	1054.0
-1128	2073.0	990.0
-1127	2173.0	951.0
-1126	2212.0	964.0
-1125	2219.0	967.0
-1124	2227.0	987.0
-1123	2174.0	990.0
-1122	2263.0	1042.0
-1121	2190.0	986.0
-1120	2131.0	959.0
-1119	2222.0	1013.0
-1118	2123.0	976.0
-1117	2128.0	994.0
-1116	2188.0	913.0
-1115	2250.0	859.0
-1114	2101.0	889.0
-1113	2015.0	867.0
-1112	1996.0	838.0
-1111	1992.0	821.0
-1110	1907.0	856.0
-1109	2030.0	880.0
-1108	1913.0	902.0
-1107	1955.0	965.0
-1106	1919.0	944.0
-1105	1916.0	956.0
-1104	2050.0	994.0
-1103	1963.0	1054.0
-1102	2058.0	1167.0
-1101	2112.0	1154.0
-1100	2040.0	1186.0
-1099	1999.0	1064.0
-1098	1975.0	1165.0
-1097	2103.0	1199.0
-1096	1998.0	1281.0
-1095	1930.0	1266.0
-1094	1936.0	1110.0
-1093	1736.0	1147.0
-1092	1863.0	1173.0
-1091	1875.0	1204.0
-1090	1967.0	1242.0
-1089	1893.0	1317.0
-1088	1910.0	1202.0
-1087	1968.0	1090.0
-1086	2073.0	960.0
-1085	2133.0	997.0
-1084	2033.0	820.0
-1083	2030.0	959.0
-1082	2057.0	1038.0
-1081	2092.0	1067.0
-1080	2094.0	1207.0
-1079	2055.0	1125.0
-1078	2154.0	957.0
-1077	2197.0	1129.0
-1076	2222.0	1110.0
-1075	2234.0	1235.0
-1074	2292.0	1166.0
-1073	2339.0	1087.0
-1072	2214.0	1016.0
-1071	2150.0	1031.0
-1070	2132.0	967.0
-1069	2166.0	1010.0
-1068	2097.0	843.0
-1067	2040.0	877.0
-1066	2003.0	1088.0
-1065	2051.0	1170.0
-1064	2159.0	1047.0
-1063	2103.0	967.0
-1062	2173.0	894.0
-1061	2179.0	885.0
-1060	2246.0	953.0
-1059	2261.0	897.0
-1058	2383.0	894.0
-1057	2268.0	914.0
-1056	2253.0	899.0
-1055	2212.0	912.0
-1054	2133.0	865.0
-1053	2090.0	907.0
-1052	2083.0	979.0
-1051	2066.0	870.0
-1050	2056.0	846.0
-1049	2102.0	949.0
-1048	2062.0	898.0
-1047	2005.0	948.0
-1046	2031.0	1049.0
-1045	2032.0	1103.0
-1044	2148.0	1146.0
-1043	2112.0	1124.0
-1042	2125.0	1043.0
-1041	2176.0	1013.0
-1040	2184.0	951.0
-1039	2180.0	1028.0
-1038	2188.0	1180.0
-1037	2208.0	991.0
-1036	2305.0	1162.0
-1035	2232.0	1020.0
-1034	2167.0	1021.0
-1033	2101.0	1012.0
-1032	2155.0	1040.0
-1031	2263.0	1045.0
-1030	2325.0	1104.0
-1029	2190.0	1062.0
-1028	2256.0	971.0
-1027	2310.0	1027.0
-1026	2379.0	1025.0
-1025	2327.0	1054.0
-1024	2451.0	996.0
-1023	2455.0	967.0
-1022	2373.0	1061.0
-1021	2390.0	1012.0
-1020	2266.0	935.0
-1019	2255.0	946.0
-1018	2260.0	1022.0
-1017	2215.0	964.0
-1016	2322.0	1023.0
-1015	2341.0	1045.0
-1014	2409.0	1084.0
-1013	2418.0	1028.0
-1012	2435.0	1057.0
-1011	2357.0	1050.0
-1010	2502.0	1212.0
-1009	2432.0	1170.0
-1008	2435.0	1268.0
-1007	2409.0	1356.0
-1006	2398.0	1293.0
-1005	2359.0	1257.0
-1004	2422.0	1286.0
-1003	2390.0	1265.0
-1002	2269.0	1274.0
-1001	2316.0	1245.0
-1000	2396.0	1151.0
-999	2426.0	1247.0
-998	2423.0	1152.0
-997	2512.0	1144.0
-996	2412.0	1163.0
-995	2484.0	1035.0
-994	2453.0	1052.0
-993	2334.0	857.0
-992	2378.0	952.0
-991	2407.0	1019.0
-990	2341.0	1011.0
-989	2302.0	1022.0
-988	2410.0	1122.0
-987	2396.0	1142.0
-986	2394.0	1076.0
-985	2309.0	992.0
-984	2198.0	1042.0
-983	2233.0	1029.0
-982	2038.0	1101.0
-981	2307.0	1184.0
-980	2196.0	1191.0
-979	2064.0	964.0
-978	2143.0	1056.0
-977	2017.0	1050.0
-976	2081.0	1213.0
-975	2161.0	1208.0
-974	2150.0	1157.0
-973	1992.0	1032.0
-972	2118.0	1064.0
-971	2219.0	1059.0
-970	2189.0	978.0
-969	2161.0	1064.0
-968	2192.0	1013.0
-967	2177.0	1189.0
-966	2367.0	1018.0
-965	2379.0	1024.0
-964	2387.0	1016.0
-963	2363.0	1084.0
-962	2367.0	1181.0
-961	2427.0	1127.0
-960	2445.0	1245.0
-959	2434.0	1264.0
-958	2286.0	1227.0
-957	2390.0	1137.0
-956	2377.0	1147.0
-955	2410.0	1090.0
-954	2358.0	1120.0
-953	2210.0	1059.0
-952	2241.0	1021.0
-951	2241.0	1126.0
-950	2358.0	1133.0
-949	2254.0	1087.0
-948	2382.0	977.0
-947	2351.0	1054.0
-946	2262.0	1042.0
-945	2433.0	1035.0
-944	2412.0	1052.0
-943	2370.0	910.0
-942	2294.0	1028.0
-941	2387.0	1063.0
-940	2490.0	1050.0
-939	2452.0	1026.0
-938	2426.0	1095.0
-937	2382.0	1087.0
-936	2489.0	1010.0
-935	2439.0	1067.0
-934	2469.0	1068.0
-933	2498.0	1121.0
-932	2368.0	1028.0
-931	2577.0	958.0
-930	2494.0	932.0
-929	2379.0	936.0
-928	2430.0	860.0
-927	2372.0	875.0
-926	2453.0	829.0
-925	2483.0	962.0
-924	2616.0	933.0
-923	2513.0	861.0
-922	2486.0	967.0
-921	2495.0	897.0
-920	2413.0	1002.0
-919	2439.0	918.0
-918	2404.0	951.0
-917	2329.0	978.0
-916	2434.0	954.0
-915	2377.0	978.0
-914	2274.0	1038.0
-913	2321.0	979.0
-912	2332.0	1035.0
-911	2361.0	1132.0
-910	2441.0	1191.0
-909	2402.0	1142.0
-908	2408.0	1194.0
-907	2293.0	1310.0
-906	2269.0	1324.0
-905	2282.0	1365.0
-904	2305.0	1434.0
-903	2345.0	1373.0
-902	2343.0	1406.0
-901	2273.0	1393.0
-900	2234.0	1427.0
-899	2291.0	1664.0
-898	2274.0	1748.0
-897	2232.0	1636.0
-896	2203.0	1639.0
-895	2232.0	1631.0
-894	2278.0	1689.0
-893	2313.0	1465.0
-892	2282.0	1464.0
-891	2409.0	1501.0
-890	2356.0	1414.0
-889	2306.0	1468.0
-888	2370.0	1289.0
-887	2309.0	1302.0
-886	2371.0	1266.0
-885	2306.0	1376.0
-884	2254.0	1265.0
-883	2294.0	1284.0
-882	2415.0	1088.0
-881	2375.0	1115.0
-880	2431.0	1097.0
-879	2377.0	1095.0
-878	2523.0	1001.0
-877	2406.0	890.0
-876	2332.0	933.0
-875	2337.0	957.0
-874	2304.0	974.0
-873	2382.0	939.0
-872	2278.0	876.0
-871	2234.0	872.0
-870	2370.0	1010.0
-869	2364.0	1054.0
-868	2218.0	1154.0
-867	2280.0	1241.0
-866	2212.0	1346.0
-865	2336.0	1412.0
-864	2400.0	1439.0
-863	2441.0	1430.0
-862	2433.0	1384.0
-861	2366.0	1321.0
-860	2468.0	1326.0
-859	2426.0	1291.0
-858	2467.0	1360.0
-857	2329.0	1193.0
-856	2452.0	1277.0
-855	2496.0	1232.0
-854	2530.0	1249.0
-853	2527.0	1328.0
-852	2506.0	1355.0
-851	2466.0	1228.0
-850	2581.0	1195.0
-849	2689.0	1220.0
-848	2618.0	1164.0
-847	2678.0	1205.0
-846	2546.0	1273.0
-845	2516.0	1118.0
-844	2483.0	1112.0
-843	2524.0	1091.0
-842	2647.0	1099.0
-841	2664.0	1123.0
-840	2627.0	1096.0
-839	2543.0	1091.0
-838	2560.0	1067.0
-837	2518.0	1101.0
-836	2437.0	1077.0
-835	2467.0	1085.0
-834	2511.0	1092.0
-833	2376.0	1082.0
-832	2487.0	1206.0
-831	2432.0	1267.0
-830	2574.0	1154.0
-829	2418.0	1193.0
-828	2482.0	1145.0
-827	2555.0	1225.0
-826	2514.0	1146.0
-825	2617.0	1080.0
-824	2580.0	1147.0
-823	2636.0	1162.0
-822	2629.0	1163.0
-821	2546.0	1072.0
-820	2482.0	1121.0
-819	2541.0	1056.0
-818	2631.0	1079.0
-817	2596.0	1158.0
-816	2584.0	1074.0
-815	2591.0	1097.0
-814	2496.0	1212.0
-813	2501.0	1094.0
-812	2465.0	1036.0
-811	2368.0	1027.0
-810	2357.0	1043.0
-809	2581.0	1158.0
-808	2539.0	1212.0
-807	2547.0	1183.0
-806	2631.0	1104.0
-805	2461.0	1148.0
-804	2422.0	1157.0
-803	2432.0	1173.0
-802	2333.0	1112.0
-801	2469.0	1271.0
-800	2393.0	1181.0
-799	2439.0	1225.0
-798	2495.0	1312.0
-797	2490.0	1275.0
-796	2525.0	1332.0
-795	2618.0	1219.0
-794	2600.0	1188.0
-793	2698.0	1056.0
-792	2643.0	1200.0
-791	2621.0	1139.0
-790	2752.0	1051.0
-789	2880.0	1087.0
-788	2762.0	994.0
-787	2811.0	968.0
-786	2657.0	1130.0
-785	2765.0	1063.0
-784	2787.0	1073.0
-783	2911.0	1093.0
-782	2860.0	1039.0
-781	2662.0	1045.0
-780	2858.0	975.0
-779	2755.0	931.0
-778	2670.0	946.0
-777	2801.0	988.0
-776	2554.0	911.0
-775	2725.0	980.0
-774	2541.0	1124.0
-773	2619.0	1035.0
-772	2657.0	1077.0
-771	2628.0	1111.0
-770	2505.0	1130.0
-769	2658.0	1089.0
-768	2617.0	1054.0
-767	2763.0	1052.0
-766	2700.0	1137.0
-765	2831.0	1159.0
-764	2753.0	1273.0
-763	2775.0	1225.0
-762	2727.0	1166.0
-761	2686.0	1127.0
-760	2851.0	1199.0
-759	2764.0	1270.0
-758	2778.0	1227.0
-757	2738.0	1299.0
-756	2797.0	1360.0
-755	2724.0	1319.0
-754	2772.0	1299.0
-753	2777.0	1224.0
-752	2791.0	1232.0
-751	2827.0	1323.0
-750	2856.0	1341.0
-749	3003.0	1317.0
-748	2976.0	1230.0
-747	2895.0	1110.0
-746	2908.0	1027.0
-745	2968.0	998.0
-744	2737.0	1029.0
-743	2875.0	1043.0
-742	2859.0	984.0
-741	2854.0	951.0
-740	2713.0	1051.0
-739	2673.0	1032.0
-738	2810.0	1089.0
-737	2908.0	943.0
-736	2943.0	1083.0
-735	3042.0	1119.0
-734	3091.0	1203.0
-733	2867.0	1123.0
-732	2832.0	1238.0
-731	2887.0	1201.0
-730	2875.0	1209.0
-729	2977.0	1301.0
-728	2930.0	1139.0
-727	2944.0	1215.0
-726	2838.0	1105.0
-725	2850.0	1084.0
-724	2859.0	1050.0
-723	2852.0	1047.0
-722	2887.0	995.0
-721	2891.0	1000.0
-720	2904.0	1032.0
-719	2860.0	992.0
-718	2890.0	988.0
-717	2816.0	1151.0
-716	2940.0	1128.0
-715	3005.0	1046.0
-714	2957.0	1081.0
-713	2722.0	1009.0
-712	2658.0	1080.0
-711	2728.0	1153.0
-710	2713.0	1117.0
-709	2682.0	1143.0
-708	2716.0	1046.0
-707	2838.0	1012.0
-706	2798.0	1107.0
-705	2662.0	1161.0
-704	2648.0	1169.0
-703	2739.0	1218.0
-702	2735.0	1120.0
-701	2793.0	1085.0
-700	2675.0	1082.0
-699	2732.0	1146.0
-698	2723.0	1061.0
-697	2732.0	1095.0
-696	2834.0	1080.0
-695	2781.0	1129.0
-694	2775.0	1119.0
-693	2840.0	1061.0
-692	2949.0	1102.0
-691	2875.0	1146.0
-690	2957.0	1286.0
-689	2926.0	1304.0
-688	3097.0	1227.0
-687	2972.0	1113.0
-686	3041.0	1127.0
-685	2871.0	1083.0
-684	2725.0	1130.0
-683	2776.0	1059.0
-682	2780.0	1019.0
-681	2773.0	1149.0
-680	2711.0	1331.0
-679	2733.0	1221.0
-678	2909.0	1392.0
-677	3087.0	1353.0
-676	3089.0	1441.0
-675	3023.0	1425.0
-674	3070.0	1450.0
-673	2937.0	1473.0
-672	2924.0	1496.0
-671	2836.0	1318.0
-670	2892.0	1346.0
-669	2901.0	1290.0
-668	2856.0	1220.0
-667	2787.0	1196.0
-666	2898.0	1126.0
-665	2996.0	1178.0
-664	2908.0	1103.0
-663	3000.0	1033.0
-662	2996.0	1057.0
-661	3073.0	939.0
-660	3061.0	942.0
-659	3121.0	979.0
-658	3092.0	957.0
-657	3129.0	1028.0
-656	2988.0	1022.0
-655	3130.0	1154.0
-654	3050.0	1098.0
-653	2962.0	1070.0
-652	3004.0	1018.0
-651	3151.0	1211.0
-650	2951.0	1247.0
-649	3030.0	1107.0
-648	3086.0	1032.0
-647	3089.0	989.0
-646	2871.0	939.0
-645	2929.0	1014.0
-644	2987.0	921.0
-643	2938.0	917.0
-642	3045.0	993.0
-641	2958.0	1063.0
-640	2925.0	1135.0
-639	3037.0	1171.0
-638	2950.0	1092.0
-637	3011.0	1119.0
-636	3107.0	1062.0
-635	3063.0	1077.0
-634	3091.0	927.0
-633	3088.0	990.0
-632	2958.0	912.0
-631	2892.0	1007.0
-630	2803.0	985.0
-629	2789.0	1017.0
-628	3065.0	1059.0
-627	2859.0	1068.0
-626	2848.0	963.0
-625	2856.0	976.0
-624	2779.0	1051.0
-623	2788.0	1048.0
-622	2822.0	1009.0
-621	2833.0	1031.0
-620	2759.0	1003.0
-619	2709.0	955.0
-618	2867.0	1014.0
-617	2911.0	944.0
-616	2945.0	955.0
-615	2794.0	934.0
-614	2925.0	1025.0
-613	2979.0	1055.0
-612	3067.0	1030.0
-611	3024.0	928.0
-610	3036.0	954.0
-609	3080.0	897.0
-608	3097.0	900.0
-607	3161.0	901.0
-606	2997.0	873.0
-605	3101.0	837.0
-604	3047.0	829.0
-603	3051.0	865.0
-602	3008.0	816.0
-601	3066.0	878.0
-600	2986.0	868.0
-599	3066.0	900.0
-598	3007.0	975.0
-597	2956.0	952.0
-596	2924.0	945.0
-595	2993.0	997.0
-594	3200.0	1161.0
-593	3155.0	1121.0
-592	3052.0	1103.0
-591	3059.0	1152.0
-590	3038.0	1080.0
-589	3012.0	1156.0
-588	3154.0	1082.0
-587	2984.0	1067.0
-586	3167.0	1128.0
-585	3066.0	1124.0
-584	3083.0	1181.0
-583	3074.0	1179.0
-582	3096.0	1152.0
-581	3112.0	1031.0
-580	3134.0	1053.0
-579	3282.0	1093.0
-578	3247.0	1154.0
-577	3302.0	1135.0
-576	3229.0	1124.0
-575	3253.0	1012.0
-574	3222.0	1003.0
-573	3269.0	1101.0
-572	3147.0	1108.0
-571	3258.0	1099.0
-570	3274.0	1147.0
-569	3105.0	1224.0
-568	3093.0	1189.0
-567	3237.0	1302.0
-566	3235.0	1267.0
-565	3194.0	1207.0
-564	3248.0	1174.0
-563	3263.0	1123.0
-562	3099.0	1226.0
-561	3238.0	1090.0
-560	3078.0	1137.0
-559	2976.0	1022.0
-558	2925.0	1048.0
-557	2951.0	1078.0
-556	2987.0	1130.0
-555	3044.0	1092.0
-554	2990.0	1139.0
-553	3098.0	1120.0
-552	2903.0	1141.0
-551	2985.0	1059.0
-550	2885.0	1103.0
-549	3105.0	1030.0
-548	3067.0	1122.0
-547	3201.0	1118.0
-546	3125.0	1195.0
-545	3129.0	1059.0
-544	3128.0	914.0
-543	3290.0	971.0
-542	3226.0	1033.0
-541	3267.0	1060.0
-540	3200.0	995.0
-539	3201.0	1157.0
-538	3229.0	1046.0
-537	3191.0	1020.0
-536	3414.0	962.0
-535	3409.0	993.0
-534	3486.0	1094.0
-533	3410.0	1097.0
-532	3351.0	1253.0
-531	3343.0	1276.0
-530	3117.0	1220.0
-529	3185.0	1302.0
-528	3337.0	1397.0
-527	3230.0	1360.0
-526	3154.0	1349.0
-525	3174.0	1533.0
-524	3125.0	1429.0
-523	3153.0	1403.0
-522	3281.0	1379.0
-521	3139.0	1332.0
-520	3195.0	1354.0
-519	3216.0	1308.0
-518	3191.0	1304.0
-517	3272.0	1276.0
-516	3145.0	1206.0
-515	3167.0	1227.0
-514	3186.0	1134.0
-513	3141.0	1155.0
-512	3049.0	1217.0
-511	3073.0	1213.0
-510	3055.0	1229.0
-509	3181.0	1244.0
-508	3124.0	1208.0
-507	3232.0	1198.0
-506	3098.0	1211.0
-505	3004.0	1244.0
-504	3131.0	1287.0
-503	3139.0	1463.0
-502	3172.0	1480.0
-501	3191.0	1528.0
-500	3178.0	1521.0
-499	3186.0	1537.0
-498	2985.0	1596.0
-497	3058.0	1446.0
-496	2900.0	1371.0
-495	3031.0	1352.0
-494	3072.0	1381.0
-493	2906.0	1385.0
-492	3008.0	1345.0
-491	3135.0	1334.0
-490	3093.0	1247.0
-489	3310.0	1184.0
-488	3171.0	1228.0
-487	3283.0	1252.0
-486	3235.0	1239.0
-485	3217.0	1308.0
-484	3192.0	1389.0
-483	3208.0	1432.0
-482	3256.0	1309.0
-481	3257.0	1278.0
-480	3268.0	1240.0
-479	3234.0	1268.0
-478	3300.0	1238.0
-477	3227.0	1269.0
-476	3273.0	1257.0
-475	3213.0	1293.0
-474	3208.0	1246.0
-473	3175.0	1208.0
-472	3215.0	1173.0
-471	3247.0	1152.0
-470	3049.0	1165.0
-469	3180.0	1139.0
-468	3165.0	1123.0
-467	3147.0	1149.0
-466	3023.0	1155.0
-465	3056.0	1182.0
-464	3019.0	1213.0
-463	3025.0	1370.0
-462	2908.0	1406.0
-461	2915.0	1343.0
-460	2840.0	1320.0
-459	2834.0	1326.0
-458	2729.0	1339.0
-457	2822.0	1324.0
-456	2770.0	1421.0
-455	2668.0	1362.0
-454	2713.0	1292.0
-453	2725.0	1296.0
-452	2658.0	1265.0
-451	2791.0	1265.0
-450	2733.0	1270.0
-449	2849.0	1300.0
-448	2994.0	1255.0
-447	3056.0	1323.0
-446	2884.0	1235.0
-445	2790.0	1262.0
-444	2918.0	1198.0
-443	2937.0	1127.0
-442	2913.0	1211.0
-441	3030.0	1274.0
-440	3060.0	1233.0
-439	3035.0	1226.0
-438	3025.0	1116.0
-437	3274.0	1080.0
-436	3217.0	1147.0
-435	3318.0	1193.0
-434	3110.0	1247.0
-433	3308.0	1057.0
-432	3263.0	1115.0
-431	3215.0	1116.0
-430	3338.0	1203.0
-429	3408.0	1258.0
-428	3329.0	1350.0
-427	3425.0	1313.0
-426	3446.0	1420.0
-425	3417.0	1586.0
-424	3375.0	1506.0
-423	3389.0	1533.0
-422	3506.0	1313.0
-421	3534.0	1390.0
-420	3472.0	1390.0
-419	3730.0	1399.0
-418	3829.0	1374.0
-417	3853.0	1324.0
-416	3810.0	1422.0
-415	3814.0	1370.0
-414	3665.0	1328.0
-413	3708.0	1458.0
-412	3725.0	1426.0
-411	3834.0	1447.0
-410	3750.0	1413.0
-409	3895.0	1352.0
-408	3737.0	1401.0
-407	3642.0	1418.0
-406	3519.0	1396.0
-405	3558.0	1356.0
-404	3537.0	1490.0
-403	3526.0	1363.0
-402	3445.0	1312.0
-401	3412.0	1317.0
-400	3390.0	1281.0
-399	3514.0	1208.0
-398	3321.0	1233.0
-397	3114.0	1255.0
-396	3253.0	1107.0
-395	3184.0	1171.0
-394	3163.0	1177.0
-393	3252.0	1140.0
-392	3136.0	1118.0
-391	3261.0	1186.0
-390	3482.0	1079.0
-389	3409.0	1088.0
-388	3365.0	1082.0
-387	3529.0	1055.0
-386	3390.0	1129.0
-385	3533.0	1097.0
-384	3626.0	1101.0
-383	3732.0	1086.0
-382	3672.0	1049.0
-381	3861.0	1068.0
-380	3771.0	1003.0
-379	3758.0	1025.0
-378	3716.0	1068.0
-377	3660.0	1076.0
-376	3692.0	1074.0
-375	3708.0	1052.0
-374	3623.0	1074.0
-373	3652.0	1110.0
-372	3644.0	1165.0
-371	3408.0	1131.0
-370	3468.0	1215.0
-369	3316.0	1288.0
-368	3191.0	1350.0
-367	3209.0	1272.0
-366	3243.0	1381.0
-365	3122.0	1395.0
-364	3159.0	1221.0
-363	3325.0	1158.0
-362	3323.0	1134.0
-361	3411.0	1254.0
-360	3381.0	1135.0
-359	3431.0	1180.0
-358	3388.0	1119.0
-357	3410.0	1048.0
-356	3485.0	1157.0
-355	3492.0	1153.0
-354	3588.0	1203.0
-353	3688.0	1237.0
-352	3807.0	1249.0
-351	3796.0	1462.0
-350	3739.0	1328.0
-349	3668.0	1251.0
-348	3778.0	1092.0
-347	3913.0	1109.0
-346	3807.0	1185.0
-345	3924.0	1129.0
-344	3901.0	1129.0
-343	3771.0	1086.0
-342	3727.0	1166.0
-341	3717.0	1145.0
-340	3679.0	1249.0
-339	3759.0	1275.0
-338	3756.0	1234.0
-337	3767.0	1221.0
-336	3852.0	1211.0
-335	3881.0	1199.0
-334	4058.0	1250.0
-333	3994.0	1269.0
-332	3849.0	1230.0
-331	3864.0	1249.0
-330	3746.0	1285.0
-329	3777.0	1306.0
-328	3552.0	1415.0
-327	3628.0	1460.0
-326	3590.0	1477.0
-325	3462.0	1454.0
-324	3538.0	1520.0
-323	3583.0	1563.0
-322	3595.0	1521.0
-321	3722.0	1546.0
-320	3724.0	1542.0
-319	3955.0	1498.0
-318	3906.0	1468.0
-317	4055.0	1510.0
-316	4039.0	1399.0
-315	3990.0	1448.0
-314	3852.0	1392.0
-313	3777.0	1385.0
-312	3735.0	1387.0
-311	3555.0	1338.0
-310	3604.0	1426.0
-309	3550.0	1411.0
-308	3568.0	1412.0
-307	3697.0	1382.0
-306	3672.0	1409.0
-305	3640.0	1362.0
-304	3694.0	1384.0
-303	3838.0	1348.0
-302	3827.0	1352.0
-301	3821.0	1360.0
-300	3914.0	1419.0
-299	3704.0	1415.0
-298	3774.0	1493.0
-297	3576.0	1420.0
-296	3820.0	1539.0
-295	3652.0	1568.0
-294	3552.0	1479.0
-293	3443.0	1501.0
-292	3392.0	1498.0
-291	3443.0	1555.0
-290	3678.0	1486.0
-289	3636.0	1450.0
-288	3606.0	1472.0
-287	3557.0	1520.0
-286	3446.0	1504.0
-285	3538.0	1546.0
-284	3450.0	1420.0
-283	3475.0	1318.0
-282	3471.0	1233.0
-281	3500.0	1402.0
-280	3367.0	1573.0
-279	3673.0	1466.0
-278	3648.0	1614.0
-277	3952.0	1572.0
-276	3941.0	1570.0
-275	4010.0	1495.0
-274	3930.0	1544.0
-273	4100.0	1497.0
-272	4159.0	1546.0
-271	4250.0	1534.0
-270	4483.0	1393.0
-269	4100.0	1424.0
-268	4097.0	1388.0
-267	3985.0	1333.0
-266	3894.0	1488.0
-265	3938.0	1505.0
-264	4225.0	1462.0
-263	3813.0	1423.0
-262	3934.0	1524.0
-261	3926.0	1506.0
-260	3972.0	1529.0
-259	4012.0	1605.0
-258	4058.0	1563.0
-257	3912.0	1670.0
-256	3915.0	1708.0
-255	3837.0	1710.0
-254	3753.0	1651.0
-253	3786.0	1707.0
-252	3915.0	1774.0
-251	3849.0	1697.0
-250	3938.0	1490.0
-249	4152.0	1475.0
-248	4074.0	1469.0
-247	3975.0	1501.0
-246	4023.0	1426.0
-245	3900.0	1398.0
-244	3933.0	1379.0
-243	3930.0	1463.0
-242	3851.0	1367.0
-241	3670.0	1500.0
-240	3889.0	1465.0
-239	3862.0	1606.0
-238	3910.0	1328.0
-237	3941.0	1302.0
-236	3937.0	1288.0
-235	3786.0	1354.0
-234	3912.0	1350.0
-233	3795.0	1298.0
-232	3940.0	1308.0
-231	3852.0	1312.0
-230	3746.0	1271.0
-229	3921.0	1203.0
-228	3831.0	1330.0
-227	3938.0	1317.0
-226	4004.0	1263.0
-225	3898.0	1209.0
-224	3991.0	1186.0
-223	4104.0	1191.0
-222	4045.0	1188.0
-221	3992.0	1195.0
-220	3858.0	1190.0
-219	3847.0	1223.0
-218	3694.0	1220.0
-217	3801.0	1239.0
-216	3841.0	1144.0
-215	3827.0	1335.0
-214	3871.0	1455.0
-213	3730.0	1358.0
-212	3761.0	1385.0
-211	3728.0	1347.0
-210	3761.0	1425.0
-209	3797.0	1456.0
-208	3733.0	1366.0
-207	3794.0	1318.0
-206	3847.0	1336.0
-205	3864.0	1488.0
-204	4009.0	1481.0
-203	4097.0	1392.0
-202	3972.0	1386.0
-201	3952.0	1453.0
-200	4001.0	1357.0
-199	3982.0	1385.0
-198	4076.0	1447.0
-197	3914.0	1476.0
-196	3947.0	1433.0
-195	4027.0	1461.0
-194	4049.0	1483.0
-193	3935.0	1443.0
-192	4138.0	1448.0
-191	4039.0	1322.0
-190	3952.0	1374.0
-189	3937.0	1380.0
-188	3972.0	1377.0
-187	3994.0	1440.0
-186	4059.0	1398.0
-185	4132.0	1352.0
-184	4467.0	1429.0
-183	4365.0	1428.0
-182	4203.0	1418.0
-181	4290.0	1467.0
-180	4257.0	1597.0
-179	3997.0	1479.0
-178	4042.0	1528.0
-177	4411.0	1523.0
-176	4117.0	1427.0
-175	3924.0	1475.0
-174	4020.0	1401.0
-173	3901.0	1447.0
-172	3949.0	1276.0
-171	3962.0	1257.0
-170	4116.0	1373.0
-169	3986.0	1397.0
-168	4152.0	1541.0
-167	4157.0	1623.0
-166	4090.0	1633.0
-165	4289.0	1514.0
-164	4233.0	1572.0
-163	4198.0	1704.0
-162	4488.0	1711.0
-161	4371.0	1769.0
-160	4346.0	1627.0
-159	4254.0	1639.0
-158	4097.0	1545.0
-157	4058.0	1716.0
-156	4313.0	1598.0
-155	4402.0	1557.0
-154	4481.0	1603.0
-153	4511.0	1668.0
-152	4598.0	1749.0
-151	4629.0	1804.0
-150	4568.0	1863.0
-149	4425.0	1755.0
-148	4643.0	1824.0
-147	4551.0	1855.0
-146	4384.0	1934.0
-145	4379.0	1941.0
-144	4551.0	2063.0
-143	4615.0	2091.0
-142	4792.0	2116.0
-141	4893.0	1928.0
-140	4930.0	1937.0
-139	4739.0	1778.0
-138	4780.0	1782.0
-137	4515.0	1686.0
-136	4903.0	1694.0
-135	4799.0	1498.0
-134	4923.0	1486.0
-133	4640.0	1501.0
-132	4929.0	1513.0
-131	4769.0	1807.0
-130	4946.0	1649.0
-129	5102.0	1857.0
-128	4955.0	1765.0
-127	5145.0	1776.0
-126	5347.0	1675.0
-125	5124.0	1652.0
-124	5350.0	1675.0
-123	5197.0	1582.0
-122	5325.0	1588.0
-121	5435.0	1540.0
-120	5570.0	1491.0
-119	5236.0	1444.0
-118	5276.0	1384.0
-117	5258.0	1495.0
-116	5254.0	1509.0
-115	5248.0	1541.0
-114	5476.0	1677.0
-113	5509.0	1549.0
-112	5502.0	1696.0
-111	5512.0	1777.0
-110	5559.0	1807.0
-109	5333.0	1834.0
-108	5361.0	1841.0
-107	5308.0	1824.0
-106	5520.0	1807.0
-105	5570.0	1804.0
-104	5582.0	1823.0
-103	5629.0	1657.0
-102	5758.0	1681.0
-101	5793.0	1617.0
-100	5973.0	1636.0
-99	5912.0	1641.0
-98	5707.0	1549.0
-97	5789.0	1576.0
-96	5870.0	1535.0
-95	5784.0	1624.0
-94	5805.0	1596.0
-93	6168.0	1578.0
-92	6151.0	1601.0
-91	6208.0	1756.0
-90	5922.0	1650.0
-89	5848.0	1730.0
-88	5870.0	1887.0
-87	6117.0	1984.0
-86	6128.0	1952.0
-85	5933.0	2028.0
-84	6040.0	2059.0
-83	6025.0	2025.0
-82	5896.0	2146.0
-81	5999.0	2347.0
-80	5724.0	2454.0
-79	5628.0	2263.0
-78	5758.0	2195.0
-77	5445.0	2172.0
-76	5398.0	2079.0
-75	5298.0	1980.0
-74	5303.0	1931.0
-73	5200.0	1758.0
-72	5224.0	1883.0
-71	5240.0	1990.0
-70	5318.0	2057.0
-69	5379.0	2143.0
-68	5326.0	2172.0
-67	5385.0	2152.0
-66	5551.0	2188.0
-65	5486.0	2144.0
-64	5558.0	2178.0
-63	5744.0	2151.0
-62	5919.0	2065.0
-61	5758.0	2170.0
-60	5886.0	2177.0
-59	5766.0	2188.0
-58	6075.0	2168.0
-57	5981.0	2234.0
-56	6412.0	2132.0
-55	6322.0	2206.0
-54	6237.0	2095.0
-53	6456.0	2093.0
-52	6633.0	2087.0
-51	6534.0	1976.0
-50	6677.0	1973.0
-49	6633.0	1912.0
-48	6716.0	1956.0
-47	6825.0	1884.0
-46	6727.0	2078.0
-45	6934.0	2035.0
-44	6747.0	2196.0
-43	6983.0	2257.0
-42	7190.0	2373.0
-41	7238.0	2123.0
-40	7465.0	2225.0
-39	7694.0	1983.0
-38	7881.0	2082.0
-37	7852.0	1980.0
-36	8100.0	1939.0
-35	7953.0	1924.0
-34	8087.0	1982.0
-33	8154.0	2025.0
-32	8015.0	1995.0
-31	8010.0	1966.0
-30	8397.0	1930.0
-29	8162.0	1919.0
-28	8219.0	2105.0
-27	8344.0	2091.0
-26	8649.0	2051.0
-25	8427.0	2093.0
-24	8916.0	2126.0
-23	9102.0	2138.0
-22	9403.0	2102.0
-21	10299.0	2149.0
-20	10488.0	2144.0
-19	10438.0	2373.0
-18	10907.0	2232.0
-17	11153.0	2229.0
-16	11621.0	1971.0
-15	12907.0	1985.0
-14	13392.0	1911.0
-13	14250.0	2201.0
-12	15842.0	2161.0
-11	16985.0	2210.0
-10	18288.0	2117.0
-9	19628.0	2075.0
-8	21557.0	2395.0
-7	23982.0	2247.0
-6	26756.0	2392.0
-5	30666.0	2669.0
-4	34664.0	2656.0
-3	41499.0	2883.0
-2	51195.0	2275.0
-1	67264.0	2555.0
0	157538.0	2740.0
1	136081.0	2831.0
2	114992.0	2813.0
3	101911.0	2618.0
4	91271.0	2622.0
5	83487.0	2344.0
6	73865.0	2378.0
7	68510.0	2462.0
8	62324.0	2656.0
9	59530.0	2944.0
10	55708.0	2706.0
11	53343.0	2776.0
12	50413.0	3049.0
13	48564.0	3396.0
14	46433.0	3681.0
15	45138.0	4003.0
16	42777.0	4468.0
17	40192.0	5170.0
18	39629.0	5525.0
19	37874.0	6198.0
20	38318.0	7004.0
21	37172.0	7700.0
22	34686.0	7617.0
23	34194.0	7279.0
24	33493.0	7029.0
25	31363.0	6855.0
26	31036.0	6586.0
27	30616.0	6572.0
28	30608.0	6394.0
29	28941.0	6410.0
30	28962.0	6354.0
31	29049.0	6119.0
32	28974.0	5473.0
33	29563.0	5486.0
34	29998.0	5435.0
35	29068.0	5429.0
36	29597.0	5367.0
37	29323.0	5086.0
38	28703.0	5337.0
39	28389.0	5224.0
40	28340.0	5009.0
41	28211.0	5081.0
42	27213.0	4975.0
43	27134.0	5279.0
44	27241.0	5020.0
45	27297.0	4786.0
46	27807.0	4537.0
47	28183.0	4398.0
48	28040.0	4301.0
49	28599.0	4265.0
50	29240.0	4443.0
51	29953.0	4396.0
52	30141.0	4371.0
53	29819.0	4618.0
54	31108.0	4530.0
55	30334.0	4816.0
56	30414.0	4895.0
57	30206.0	5381.0
58	30317.0	5402.0
59	29122.0	5682.0
60	28645.0	4749.0
61	29069.0	4193.0
62	28834.0	3989.0
63	28013.0	4006.0
64	27441.0	4116.0
65	27750.0	3928.0
66	27381.0	3951.0
67	27309.0	3986.0
68	27171.0	4093.0
69	27132.0	3961.0
70	26189.0	3774.0
71	27114.0	3930.0
72	26594.0	3773.0
73	25989.0	3703.0
74	26226.0	3817.0
75	26511.0	3811.0
76	25499.0	3848.0
77	25540.0	3967.0
78	25251.0	4058.0
79	24405.0	4105.0
80	24101.0	3635.0
81	23352.0	3609.0
82	23250.0	3430.0
83	23127.0	2940.0
84	23956.0	3003.0
85	23961.0	2999.0
86	24412.0	2996.0
87	24538.0	2799.0
88	24937.0	2709.0
89	24787.0	2886.0
90	24611.0	3028.0
91	24299.0	2897.0
92	25360.0	2544.0
93	26042.0	2465.0
94	26649.0	2418.0
95	26607.0	2325.0
96	27384.0	2241.0
97	27533.0	2265.0
98	27860.0	2334.0
99	27885.0	2461.0
100	27967.0	2375.0
101	28393.0	2363.0
102	28911.0	2358.0
103	29451.0	2322.0
104	28879.0	2457.0
105	28580.0	2513.0
106	28401.0	2370.0
107	28698.0	2381.0
108	27781.0	2314.0
109	26776.0	2230.0
110	26674.0	2249.0
111	26890.0	2351.0
112	25846.0	2332.0
113	25388.0	2419.0
114	25624.0	2361.0
115	24752.0	2320.0
116	25337.0	2375.0
117	25075.0	2370.0
118	24803.0	2360.0
119	24035.0	2408.0
120	24059.0	2376.0
121	24911.0	2458.0
122	24832.0	2370.0
123	24484.0	2428.0
124	24814.0	2229.0
125	24318.0	2248.0
126	24784.0	2238.0
127	24813.0	2196.0
128	24727.0	2124.0
129	24990.0	2037.0
130	25456.0	1969.0
131	24814.0	2017.0
132	24048.0	2007.0
133	23539.0	2085.0
134	22716.0	2010.0
135	22855.0	1968.0
136	22866.0	1923.0
137	22003.0	1901.0
138	21652.0	1978.0
139	22070.0	1932.0
140	21884.0	2060.0
141	21344.0	1983.0
142	21272.0	1901.0
143	20794.0	1825.0
144	20336.0	1836.0
145	21346.0	1832.0
146	21515.0	1919.0
147	22241.0	1971.0
148	22016.0	2000.0
149	22185.0	2033.0
150	23408.0	1968.0
151	24375.0	2095.0
152	25113.0	2209.0
153	25063.0	2234.0
154	24905.0	2229.0
155	25145.0	2117.0
156	24637.0	2150.0
157	24551.0	2331.0
158	24773.0	2420.0
159	24101.0	2184.0
160	23925.0	2066.0
161	24085.0	2068.0
162	24677.0	2187.0
163	24601.0	2193.0
164	24905.0	2362.0
165	24891.0	2163.0
166	24292.0	2230.0
167	24655.0	2203.0
168	23947.0	2243.0
169	23106.0	2022.0
170	23142.0	2320.0
171	23549.0	2033.0
172	23124.0	2181.0
173	22589.0	2181.0
174	22530.0	2006.0
175	22109.0	2227.0
176	22600.0	2239.0
177	22750.0	2452.0
178	22808.0	2283.0
179	23026.0	2421.0
180	21770.0	2319.0
181	21588.0	2191.0
182	22129.0	2126.0
183	22166.0	2158.0
184	21466.0	1957.0
185	21210.0	1963.0
186	21595.0	2068.0
187	21599.0	2181.0
188	22198.0	2126.0
189	22000.0	2116.0
190	20780.0	2088.0
191	21012.0	2080.0
192	21526.0	2159.0
193	21184.0	2236.0
194	21065.0	2154.0
195	20574.0	2027.0
196	20661.0	2058.0
197	20151.0	2109.0
198	19683.0	2257.0
199	19971.0	2161.0
200	20565.0	2295.0
201	20436.0	2389.0
202	20631.0	2275.0
203	20295.0	2093.0
204	20668.0	1934.0
205	21627.0	1792.0
206	21634.0	1864.0
207	21724.0	1856.0
208	21921.0	1755.0
209	21408.0	1821.0
210	21382.0	1762.0
211	21939.0	1609.0
212	21735.0	1684.0
213	21636.0	1670.0
214	21898.0	1673.0
215	21959.0	1756.0
216	22072.0	1776.0
217	22164.0	1722.0
218	22578.0	1757.0
219	22430.0	1665.0
220	22477.0	1711.0
221	22761.0	1741.0
222	23439.0	1845.0
223	23391.0	1727.0
224	23338.0	1698.0
225	24013.0	1698.0
226	23643.0	1743.0
227	23369.0	1641.0
228	22955.0	1761.0
229	22537.0	1696.0
230	22560.0	1727.0
231	22345.0	1644.0
232	22867.0	1580.0
233	22318.0	1598.0
234	20622.0	1691.0
235	20158.0	1794.0
236	20686.0	1963.0
237	20103.0	1879.0
238	19991.0	1899.0
239	20417.0	2013.0
240	20789.0	1889.0
241	21201.0	1805.0
242	21631.0	1775.0
243	21437.0	1705.0
244	21247.0	1811.0
245	21192.0	1668.0
246	21384.0	1602.0
247	20723.0	1570.0
248	20939.0	1592.0
249	20093.0	1492.0
250	19541.0	1623.0
251	19683.0	1521.0
252	18594.0	1632.0
253	18652.0	1771.0
254	18317.0	1814.0
255	18306.0	1762.0
256	18394.0	1679.0
257	18054.0	1611.0
258	18119.0	1554.0
259	18275.0	1612.0
260	17187.0	1493.0
261	17627.0	1445.0
262	17845.0	1496.0
263	18206.0	1541.0
264	18373.0	1560.0
265	18189.0	1494.0
266	18844.0	1568.0
267	18718.0	1595.0
268	18744.0	1493.0
269	19493.0	1432.0
270	18605.0	1306.0
271	18733.0	1286.0
272	18658.0	1267.0
273	19422.0	1457.0
274	19540.0	1436.0
275	19740.0	1532.0
276	19591.0	1560.0
277	19257.0	1619.0
278	19792.0	1576.0
279	20346.0	1435.0
280	19757.0	1486.0
281	19898.0	1420.0
282	19970.0	1471.0
283	19043.0	1388.0
284	18209.0	1391.0
285	18070.0	1289.0
286	16961.0	1242.0
287	16813.0	1365.0
288	16896.0	1392.0
289	16701.0	1441.0
290	16748.0	1507.0
291	16351.0	1585.0
292	16133.0	1490.0
293	16665.0	1358.0
294	16653.0	1459.0
295	16917.0	1509.0
296	16361.0	1424.0
297	16769.0	1454.0
298	16630.0	1488.0
299	16747.0	1626.0
300	16748.0	1721.0
301	16468.0	1620.0
302	16533.0	1577.0
303	17856.0	1567.0
304	17341.0	1529.0
305	17363.0	1566.0
306	17782.0	1543.0
307	18435.0	1549.0
308	18928.0	1520.0
309	18994.0	1511.0
310	19592.0	1489.0
311	19114.0	1529.0
312	19448.0	1468.0
313	19846.0	1536.0
314	20023.0	1481.0
315	20553.0	1515.0
316	20545.0	1499.0
317	20706.0	1481.0
318	20771.0	1444.0
319	21282.0	1443.0
320	20695.0	1384.0
321	20583.0	1347.0
322	20202.0	1460.0
323	19289.0	1526.0
324	19692.0	1712.0
325	19653.0	1836.0
326	19237.0	1584.0
327	19702.0	1643.0
328	19709.0	1620.0
329	20298.0	1754.0
330	20364.0	1709.0
331	19954.0	1709.0
332	20018.0	1616.0
333	20379.0	1636.0
334	20400.0	1678.0
335	19887.0	1715.0
336	19510.0	1648.0
337	18591.0	1659.0
338	18259.0	1572.0
339	18445.0	1648.0
340	17699.0	1731.0
341	17350.0	1806.0
342	16928.0	1764.0
343	16606.0	1829.0
344	16844.0	1791.0
345	16107.0	1806.0
346	16216.0	1839.0
347	16075.0	1892.0
348	16246.0	1889.0
349	16207.0	1877.0
350	16302.0	1866.0
351	15825.0	2009.0
352	15762.0	1992.0
353	16150.0	2097.0
354	15800.0	2068.0
355	15285.0	2047.0
356	15462.0	2026.0
357	15784.0	1979.0
358	15747.0	2203.0
359	15700.0	2139.0
360	16029.0	2147.0
361	16296.0	2080.0
362	16413.0	2065.0
363	15473.0	2145.0
364	15151.0	2237.0
365	15558.0	2199.0
366	16096.0	2068.0
367	15596.0	1893.0
368	15492.0	2037.0
369	15793.0	1929.0
370	15499.0	1924.0
371	15694.0	2041.0
372	16457.0	2213.0
373	16685.0	2077.0
374	16455.0	2120.0
375	16715.0	1936.0
376	16627.0	2018.0
377	16667.0	2015.0
378	16633.0	1871.0
379	16378.0	1835.0
380	16223.0	1991.0
381	15900.0	1941.0
382	15681.0	1898.0
383	15630.0	1841.0
384	15583.0	1855.0
385	15411.0	1907.0
386	15810.0	2261.0
387	14993.0	2325.0
388	14950.0	2471.0
389	15425.0	2191.0
390	15253.0	2057.0
391	14890.0	2109.0
392	15303.0	1806.0
393	14891.0	1609.0
394	15157.0	1666.0
395	15192.0	1613.0
396	14674.0	1495.0
397	14772.0	1517.0
398	14590.0	1444.0
399	14689.0	1402.0
400	14716.0	1590.0
401	14634.0	1524.0
402	14714.0	1489.0
403	14773.0	1446.0
404	15203.0	1499.0
405	15301.0	1613.0
406	14956.0	1717.0
407	14604.0	1805.0
408	14506.0	1769.0
409	14661.0	1800.0
410	15233.0	1746.0
411	15182.0	1725.0
412	15476.0	1702.0
413	15639.0	1545.0
414	16401.0	1576.0
415	16026.0	1527.0
416	15560.0	1644.0
417	15285.0	1560.0
418	14849.0	1499.0
419	15078.0	1497.0
420	14882.0	1632.0
421	15223.0	1574.0
422	15082.0	1540.0
423	14866.0	1645.0
424	14249.0	1498.0
425	14472.0	1451.0
426	13996.0	1450.0
427	13612.0	1415.0
428	13728.0	1478.0
429	13660.0	1413.0
430	14399.0	1447.0
431	14290.0	1474.0
432	15368.0	1437.0
433	15208.0	1514.0
434	15503.0	1501.0
435	15484.0	1405.0
436	15408.0	1446.0
437	15526.0	1537.0
438	15681.0	1471.0
439	15551.0	1512.0
440	15560.0	1538.0
441	15286.0	1374.0
442	15062.0	1434.0
443	15379.0	1551.0
444	15502.0	1623.0
445	15909.0	1626.0
446	15905.0	1653.0
447	15927.0	1775.0
448	16062.0	1729.0
449	15530.0	1578.0
450	16485.0	1531.0
451	16715.0	1596.0
452	16970.0	1567.0
453	16746.0	1550.0
454	16678.0	1588.0
455	16766.0	1600.0
456	16387.0	1454.0
457	15719.0	1520.0
458	16004.0	1544.0
459	16318.0	1537.0
460	17105.0	1495.0
461	17309.0	1544.0
462	16873.0	1472.0
463	17141.0	1482.0
464	17313.0	1544.0
465	17570.0	1444.0
466	17016.0	1450.0
467	16575.0	1388.0
468	15969.0	1502.0
469	15269.0	1425.0
470	14748.0	1256.0
471	14764.0	1185.0
472	14414.0	1309.0
473	13739.0	1208.0
474	13291.0	1347.0
475	12798.0	1331.0
476	12800.0	1476.0
477	12535.0	1496.0
478	12205.0	1378.0
479	12344.0	1355.0
480	12373.0	1338.0
481	12039.0	1392.0
482	12048.0	1377.0
483	12146.0	1336.0
484	12302.0	1258.0
485	11966.0	1220.0
486	12305.0	1270.0
487	12287.0	1224.0
488	12228.0	1253.0
489	12520.0	1398.0
490	12518.0	1377.0
491	12830.0	1514.0
492	12926.0	1489.0
493	12832.0	1592.0
494	12498.0	1706.0
495	12231.0	1740.0
496	12063.0	1738.0
497	11881.0	1904.0
498	11364.0	1778.0
499	11377.0	1895.0
500	11406.0	1820.0
501	11314.0	1883.0
502	11227.0	1764.0
503	11510.0	1616.0
504	11545.0	1733.0
505	11519.0	1565.0
506	12148.0	1696.0
507	12224.0	1691.0
508	12057.0	1708.0
509	12694.0	1616.0
510	12519.0	1594.0
511	12115.0	1535.0
512	13046.0	1400.0
513	12614.0	1243.0
514	12422.0	1184.0
515	12272.0	1223.0
516	11990.0	1197.0
517	12343.0	1155.0
518	12018.0	1257.0
519	12148.0	1241.0
520	12115.0	1354.0
521	12403.0	1455.0
522	12640.0	1572.0
523	13362.0	1646.0
524	12828.0	1520.0
525	12438.0	1601.0
526	12492.0	1589.0
527	12284.0	1549.0
528	12730.0	1741.0
529	12974.0	1817.0
530	12908.0	1725.0
531	12779.0	1663.0
532	12238.0	1858.0
533	12546.0	1435.0
534	12383.0	1490.0
535	12429.0	1457.0
536	12780.0	1480.0
537	13283.0	1473.0
538	13587.0	1376.0
539	13560.0	1392.0
540	13777.0	1507.0
541	14325.0	1318.0
542	14512.0	1352.0
543	14486.0	1399.0
544	14380.0	1314.0
545	13961.0	1276.0
546	13957.0	1464.0
547	13644.0	1412.0
548	13734.0	1312.0
549	13594.0	1358.0
550	13859.0	1330.0
551	13965.0	1388.0
552	13638.0	1402.0
553	13254.0	1421.0
554	13420.0	1192.0
555	13281.0	1227.0
556	12858.0	1182.0
557	12708.0	1319.0
558	12179.0	1331.0
559	12491.0	1243.0
560	12973.0	1266.0
561	13842.0	1287.0
562	13868.0	1212.0
563	14188.0	1282.0
564	14797.0	1322.0
565	14432.0	1313.0
566	14530.0	1268.0
567	14969.0	1362.0
568	14808.0	1373.0
569	14574.0	1399.0
570	14466.0	1376.0
571	14478.0	1480.0
572	14512.0	1456.0
573	13951.0	1355.0
574	14222.0	1332.0
575	14556.0	1205.0
576	13735.0	1228.0
577	14584.0	1259.0
578	14329.0	1210.0
579	14158.0	1289.0
580	14226.0	1195.0
581	13780.0	1115.0
582	13870.0	1205.0
583	13516.0	1191.0
584	13658.0	1185.0
585	13078.0	1215.0
586	13318.0	1209.0
587	12569.0	1171.0
588	12784.0	1238.0
589	13121.0	1087.0
590	13472.0	1195.0
591	13231.0	1189.0
592	12816.0	1255.0
593	12922.0	1300.0
594	13298.0	1331.0
595	13433.0	1243.0
596	12990.0	1263.0
597	12770.0	1251.0
598	13205.0	1159.0
599	12872.0	1197.0
600	13059.0	1101.0
601	12791.0	1049.0
602	13122.0	1079.0
603	12505.0	1143.0
604	12365.0	1216.0
605	12432.0	1356.0
606	12188.0	1286.0
607	11904.0	1299.0
608	11580.0	1287.0
609	11550.0	1196.0
610	11501.0	1264.0
611	11466.0	1288.0
612	11236.0	1331.0
613	10673.0	1363.0
614	10347.0	1292.0
615	10173.0	1228.0
616	10545.0	1209.0
617	10995.0	1153.0
618	10596.0	1181.0
619	10627.0	1223.0
620	10587.0	1172.0
621	10468.0	1076.0
622	10975.0	1167.0
623	10878.0	1116.0
624	11038.0	1100.0
625	10717.0	1111.0
626	10982.0	1194.0
627	11245.0	1265.0
628	11636.0	1426.0
629	11041.0	1336.0
630	11193.0	1358.0
631	11918.0	1292.0
632	11653.0	1367.0
633	11622.0	1412.0
634	11696.0	1339.0
635	12257.0	1249.0
636	12017.0	1140.0
637	12150.0	1296.0
638	12174.0	1270.0
639	12614.0	1165.0
640	13605.0	1180.0
641	13909.0	1240.0
642	14050.0	1183.0
643	14301.0	1218.0
644	14682.0	1170.0
645	14913.0	1190.0
646	14933.0	1233.0
647	15222.0	1270.0
648	15371.0	1381.0
649	14760.0	1205.0
650	14568.0	1313.0
651	14350.0	1230.0
652	13618.0	1344.0
653	13378.0	1361.0
654	13256.0	1479.0
655	13382.0	1460.0
656	13509.0	1427.0
657	13317.0	1328.0
658	13624.0	1379.0
659	13743.0	1358.0
660	13670.0	1323.0
661	13291.0	1444.0
662	12542.0	1257.0
663	13143.0	1274.0
664	13709.0	1275.0
665	13515.0	1295.0
666	12832.0	1274.0
667	12846.0	1279.0
668	13129.0	1238.0
669	12946.0	1336.0
670	13371.0	1303.0
671	13203.0	1282.0
672	13215.0	1229.0
673	12993.0	1207.0
674	12851.0	1088.0
675	12422.0	1066.0
676	12393.0	1048.0
677	12556.0	1167.0
678	12259.0	1083.0
679	11658.0	1100.0
680	11811.0	1160.0
681	11907.0	1098.0
682	12296.0	1068.0
683	11889.0	1101.0
684	11576.0	1092.0
685	12431.0	1153.0
686	11952.0	1117.0
687	12149.0	1171.0
688	12225.0	1114.0
689	12264.0	1072.0
690	12721.0	1183.0
691	13021.0	1188.0
692	13035.0	1102.0
693	13234.0	1183.0
694	13048.0	1202.0
695	13110.0	1165.0
696	13229.0	1275.0
697	12985.0	1315.0
698	12626.0	1240.0
699	11554.0	1201.0
700	12099.0	1261.0
701	11924.0	1272.0
702	11859.0	1282.0
703	11732.0	1135.0
704	11749.0	1212.0
705	12508.0	1247.0
706	12925.0	1384.0
707	13044.0	1287.0
708	13114.0	1089.0
709	13513.0	1033.0
710	13440.0	978.0
711	13522.0	1040.0
712	13057.0	969.0
713	12632.0	1087.0
714	12456.0	1060.0
715	12857.0	1073.0
716	12279.0	1164.0
717	11955.0	1187.0
718	11236.0	1128.0
719	11111.0	1223.0
720	11008.0	1186.0
721	10971.0	1274.0
722	11190.0	1321.0
723	10919.0	1279.0
724	11207.0	1236.0
725	11359.0	1325.0
726	11040.0	1180.0
727	11507.0	1125.0
728	11583.0	1198.0
729	12487.0	1154.0
730	11974.0	1123.0
731	11568.0	1180.0
732	11196.0	1228.0
733	11136.0	1157.0
734	11288.0	1206.0
735	11174.0	1247.0
736	10692.0	1307.0
737	11202.0	1211.0
738	11324.0	1284.0
739	11743.0	1281.0
740	12324.0	1204.0
741	12212.0	1196.0
742	12057.0	1297.0
743	12092.0	1130.0
744	11696.0	1149.0
745	12345.0	1060.0
746	12301.0	1129.0
747	11963.0	1219.0
748	12226.0	1341.0
749	12069.0	1258.0
750	11769.0	1331.0
751	11232.0	1323.0
752	11518.0	1307.0
753	11122.0	1354.0
754	11015.0	1238.0
755	11406.0	1310.0
756	10961.0	1376.0
757	10830.0	1418.0
758	10894.0	1453.0
759	10807.0	1327.0
760	11031.0	1139.0
761	11165.0	1196.0
762	11767.0	1214.0
763	12102.0	1199.0
764	11412.0	1217.0
765	11509.0	1019.0
766	11903.0	1113.0
767	12132.0	1236.0
768	12393.0	1186.0
769	12219.0	1164.0
770	12296.0	1152.0
771	12626.0	1107.0
772	12686.0	1158.0
773	12493.0	1224.0
774	12846.0	1164.0
775	12902.0	1151.0
776	12843.0	1177.0
777	12714.0	1112.0
778	11994.0	1158.0
779	11615.0	1143.0
780	11127.0	1153.0
781	11535.0	1101.0
782	11115.0	1105.0
783	10714.0	1050.0
784	10743.0	1012.0
785	10658.0	1018.0
786	10896.0	915.0
787	11478.0	1055.0
788	11387.0	952.0
789	11441.0	1019.0
790	11520.0	969.0
791	11745.0	874.0
792	12685.0	911.0
793	12187.0	989.0
794	12658.0	953.0
795	12707.0	927.0
796	13292.0	956.0
797	12775.0	1046.0
798	12900.0	1041.0
799	12866.0	1053.0
800	12811.0	1077.0
801	12709.0	1022.0
802	12353.0	1052.0
803	12439.0	1106.0
804	11802.0	997.0
805	11813.0	992.0
806	11643.0	1109.0
807	11358.0	1054.0
808	11634.0	1024.0
809	11793.0	1012.0
810	11645.0	976.0
811	11421.0	1022.0
812	12024.0	1001.0
813	12220.0	1039.0
814	12344.0	1043.0
815	11827.0	1086.0
816	11781.0	1076.0
817	12115.0	1114.0
818	12480.0	956.0
819	12195.0	900.0
820	12960.0	916.0
821	12644.0	967.0
822	13133.0	1012.0
823	13340.0	1085.0
824	13625.0	1060.0
825	13851.0	1028.0
826	14460.0	1072.0
827	14768.0	1069.0
828	14809.0	1007.0
829	13433.0	1039.0
830	13062.0	934.0
831	12727.0	871.0
832	12578.0	945.0
833	11912.0	918.0
834	11534.0	976.0
835	11095.0	1032.0
836	10702.0	993.0
837	10602.0	1020.0
838	10460.0	991.0
839	10395.0	1067.0
840	10542.0	1025.0
841	11127.0	1028.0
842	11868.0	1021.0
843	12011.0	902.0
844	12313.0	966.0
845	12218.0	935.0
846	12645.0	978.0
847	11866.0	1032.0
848	11848.0	1033.0
849	11872.0	1108.0
850	11530.0	1168.0
851	11915.0	1134.0
852	11553.0	1204.0
853	11858.0	1087.0
854	11551.0	1111.0
855	11123.0	1071.0
856	11061.0	1045.0
857	10815.0	1095.0
858	10680.0	1075.0
859	10884.0	1088.0
860	10902.0	1147.0
861	10344.0	1113.0
862	10564.0	1011.0
863	10099.0	958.0
864	9973.0	1098.0
865	10160.0	1057.0
866	9705.0	1140.0
867	9983.0	1102.0
868	9697.0	1176.0
869	10110.0	1172.0
870	10183.0	1220.0
871	10325.0	1301.0
872	10178.0	1228.0
873	10382.0	1191.0
874	10726.0	1174.0
875	10753.0	1289.0
876	10853.0	1158.0
877	11038.0	1220.0
878	10931.0	1064.0
879	11018.0	1152.0
880	11164.0	1141.0
881	10989.0	1117.0
882	11141.0	1067.0
883	10596.0	977.0
884	10579.0	1055.0
885	10419.0	1025.0
886	10144.0	1146.0
887	10204.0	1111.0
888	9461.0	1113.0
889	9493.0	965.0
890	9198.0	939.0
891	9438.0	992.0
892	9158.0	998.0
893	9299.0	999.0
894	9528.0	1000.0
895	9250.0	946.0
896	8899.0	987.0
897	9042.0	810.0
898	9296.0	890.0
899	9284.0	892.0
900	8779.0	874.0
901	8702.0	912.0
902	8904.0	849.0
903	8927.0	950.0
904	8444.0	920.0
905	8701.0	902.0
906	8971.0	791.0
907	8945.0	926.0
908	9055.0	841.0
909	8836.0	1059.0
910	8790.0	941.0
911	8707.0	1064.0
912	8914.0	1132.0
913	9346.0	1087.0
914	9339.0	997.0
915	9107.0	986.0
916	9345.0	931.0
917	9342.0	970.0
918	9240.0	962.0
919	9425.0	904.0
920	9504.0	989.0
921	9751.0	959.0
922	10122.0	928.0
923	10292.0	1014.0
924	10316.0	984.0
925	10595.0	1043.0
926	10467.0	986.0
927	10797.0	961.0
928	10478.0	972.0
929	10345.0	1014.0
930	10066.0	986.0
931	10002.0	1018.0
932	9583.0	1053.0
933	8843.0	1051.0
934	9123.0	1050.0
935	9001.0	1111.0
936	9209.0	1072.0
937	8988.0	1146.0
938	9322.0	1149.0
939	9073.0	1070.0
940	9300.0	1067.0
941	9386.0	1028.0
942	9074.0	953.0
943	8339.0	1006.0
944	8441.0	997.0
945	8699.0	891.0
946	9132.0	944.0
947	8897.0	1034.0
948	8930.0	1040.0
949	9583.0	978.0
950	9651.0	977.0
951	10394.0	987.0
952	10684.0	1004.0
953	11538.0	1017.0
954	11988.0	1050.0
955	12698.0	1078.0
956	13100.0	1082.0
957	13059.0	1048.0
958	12419.0	1071.0
959	11909.0	1148.0
960	11921.0	1218.0
961	11352.0	1244.0
962	10532.0	1294.0
963	10377.0	1314.0
964	10631.0	1346.0
965	10596.0	1351.0
966	10793.0	1384.0
967	11085.0	1349.0
968	11012.0	1214.0
969	11049.0	1168.0
970	11330.0	1147.0
971	11116.0	1138.0
972	11267.0	1082.0
973	11197.0	1070.0
974	11286.0	1064.0
975	11012.0	1081.0
976	10857.0	963.0
977	10587.0	1075.0
978	10418.0	1209.0
979	10445.0	1169.0
980	10489.0	1212.0
981	10461.0	1226.0
982	10470.0	1174.0
983	10267.0	1303.0
984	10267.0	1220.0
985	10387.0	1267.0
986	9989.0	1127.0
987	9499.0	1103.0
988	9804.0	1114.0
989	9472.0	1216.0
990	9243.0	1196.0
991	8827.0	1313.0
992	8838.0	1217.0
993	8157.0	1344.0
994	8482.0	1391.0
995	8509.0	1375.0
996	8270.0	1301.0
997	7897.0	1069.0
998	7798.0	1115.0
999	7395.0	1087.0
1000	7564.0	1062.0
1001	7117.0	1087.0
1002	7106.0	973.0
1003	7265.0	1025.0
1004	7232.0	935.0
1005	6938.0	863.0
1006	7404.0	1004.0
1007	7363.0	851.0
1008	7792.0	879.0
1009	7911.0	797.0
1010	7998.0	826.0
1011	8216.0	909.0
1012	8162.0	872.0
1013	8356.0	870.0
1014	8671.0	840.0
1015	8931.0	864.0
1016	8803.0	1002.0
1017	8609.0	1081.0
1018	8746.0	1066.0
1019	8757.0	1020.0
1020	8803.0	1030.0
1021	8586.0	986.0
1022	9205.0	1031.0
1023	9241.0	1059.0
1024	9536.0	1033.0
1025	9345.0	958.0
1026	8896.0	969.0
1027	9091.0	952.0
1028	8561.0	1034.0
1029	8881.0	1133.0
1030	8528.0	1072.0
1031	8710.0	1114.0
1032	8690.0	1026.0
1033	9101.0	1125.0
1034	8953.0	1019.0
1035	8480.0	1095.0
1036	8204.0	1054.0
1037	8156.0	966.0
1038	8685.0	967.0
1039	8381.0	838.0
1040	8415.0	830.0
1041	8351.0	859.0
1042	8649.0	838.0
1043	9253.0	803.0
1044	9268.0	817.0
1045	9725.0	922.0
1046	8844.0	888.0
1047	8715.0	1008.0
1048	8678.0	942.0
1049	9038.0	967.0
1050	8929.0	911.0
1051	8408.0	892.0
1052	8501.0	902.0
1053	8121.0	873.0
1054	8726.0	936.0
1055	8644.0	1014.0
1056	8410.0	1205.0
1057	8770.0	1231.0
1058	8263.0	1182.0
1059	8260.0	1193.0
1060	8344.0	1097.0
1061	7920.0	1187.0
1062	8128.0	1120.0
1063	8058.0	1007.0
1064	7523.0	1041.0
1065	7841.0	1024.0
1066	7723.0	1052.0
1067	7724.0	932.0
1068	7819.0	929.0
1069	7867.0	862.0
1070	8098.0	871.0
1071	7719.0	851.0
1072	7834.0	921.0
1073	7664.0	893.0
1074	7993.0	1050.0
1075	7859.0	1075.0
1076	7579.0	1023.0
1077	7607.0	1040.0
1078	7443.0	1108.0
1079	6713.0	1143.0
1080	6279.0	1229.0
1081	6185.0	1146.0
1082	6220.0	1139.0
1083	6247.0	955.0
1084	6261.0	976.0
1085	6264.0	1003.0
1086	6304.0	1061.0
1087	6308.0	1000.0
1088	6109.0	1030.0
1089	6377.0	955.0
1090	6365.0	1006.0
1091	6581.0	1113.0
1092	6601.0	1221.0
1093	6814.0	1147.0
1094	6562.0	1216.0
1095	6612.0	1179.0
1096	6892.0	1253.0
1097	6991.0	1136.0
1098	7122.0	1135.0
1099	7376.0	1188.0
1100	7192.0	1087.0
1101	7236.0	1010.0
1102	7114.0	1027.0
1103	6882.0	1025.0
1104	7305.0	1102.0
1105	7584.0	1033.0
1106	7739.0	1032.0
1107	7714.0	976.0
1108	8636.0	1065.0
1109	8353.0	1141.0
1110	7953.0	1065.0
1111	8239.0	1049.0
1112	7642.0	1020.0
1113	7616.0	1106.0
1114	7308.0	1012.0
1115	7647.0	993.0
1116	7344.0	1000.0
1117	7611.0	974.0
1118	7865.0	954.0
1119	7341.0	1039.0
1120	7706.0	1060.0
1121	7964.0	1111.0
1122	7462.0	1130.0
1123	7731.0	1264.0
1124	7514.0	1347.0
1125	7457.0	1314.0
1126	7242.0	1206.0
1127	6968.0	1305.0
1128	6965.0	1234.0
1129	6715.0	1205.0
1130	6671.0	1248.0
1131	6419.0	1208.0
1132	6511.0	1199.0
1133	6403.0	1048.0
1134	6275.0	1090.0
1135	6076.0	1123.0
1136	5887.0	1202.0
1137	5843.0	1307.0
1138	5948.0	1406.0
1139	5722.0	1427.0
1140	5866.0	1138.0
1141	6305.0	1117.0
1142	6529.0	1001.0
1143	6446.0	930.0
1144	6330.0	1053.0
1145	6520.0	990.0
1146	6886.0	978.0
1147	6916.0	1005.0
1148	7366.0	927.0
1149	7251.0	905.0
1150	7145.0	904.0
1151	6967.0	934.0
1152	6878.0	1019.0
1153	7160.0	1079.0
1154	7072.0	1122.0
1155	6644.0	1037.0
1156	6509.0	1085.0
1157	6257.0	1097.0
1158	5878.0	1110.0
1159	6178.0	1037.0
1160	6221.0	1154.0
1161	6284.0	1167.0
1162	6123.0	1150.0
1163	6176.0	1082.0
1164	6399.0	1189.0
1165	6256.0	1177.0
1166	6273.0	1195.0
1167	6493.0	1152.0
1168	6843.0	1076.0
1169	6752.0	953.0
1170	6630.0	1051.0
1171	6823.0	1010.0
1172	7068.0	1018.0
1173	7023.0	1076.0
1174	7274.0	1037.0
1175	7351.0	968.0
1176	7116.0	866.0
1177	7073.0	831.0
1178	7222.0	751.0
1179	7654.0	882.0
1180	7475.0	832.0
1181	7584.0	874.0
1182	7820.0	884.0
1183	7596.0	901.0
1184	7394.0	975.0
1185	8040.0	967.0
1186	7755.0	999.0
1187	7702.0	960.0
1188	7592.0	1113.0
1189	7376.0	1087.0
1190	7387.0	1100.0
1191	7038.0	1023.0
1192	6900.0	971.0
1193	6881.0	935.0
1194	6750.0	915.0
1195	6729.0	989.0
1196	6328.0	987.0
1197	6307.0	888.0
1198	6507.0	924.0
1199	6336.0	982.0
1200	6470.0	905.0
1201	6596.0	924.0
1202	7090.0	940.0
1203	7239.0	896.0
1204	7164.0	871.0
1205	7455.0	911.0
1206	7157.0	809.0
1207	6781.0	862.0
1208	6814.0	806.0
1209	6698.0	767.0
1210	6275.0	810.0
1211	6189.0	767.0
1212	6045.0	818.0
1213	6483.0	783.0
1214	6462.0	771.0
1215	6839.0	852.0
1216	6788.0	953.0
1217	6673.0	972.0
1218	6732.0	988.0
1219	6936.0	863.0
1220	7405.0	881.0
1221	7422.0	838.0
1222	7653.0	874.0
1223	7481.0	819.0
1224	7142.0	775.0
1225	6705.0	848.0
1226	7083.0	848.0
1227	6896.0	815.0
1228	6743.0	904.0
1229	6731.0	830.0
1230	6249.0	840.0
1231	6659.0	862.0
1232	6422.0	965.0
1233	6752.0	902.0
1234	6835.0	954.0
1235	7038.0	955.0
1236	7456.0	1005.0
1237	7422.0	1035.0
1238	7456.0	1089.0
1239	8073.0	1030.0
1240	7612.0	978.0
1241	7958.0	954.0
1242	7664.0	916.0
1243	7205.0	854.0
1244	6816.0	882.0
1245	6748.0	838.0
1246	6594.0	829.0
1247	6568.0	894.0
1248	6814.0	925.0
1249	6802.0	1001.0
1250	6471.0	1080.0
1251	6380.0	919.0
1252	6490.0	903.0
1253	6590.0	965.0
1254	6378.0	972.0
1255	5795.0	1115.0
1256	5854.0	1048.0
1257	5721.0	1089.0
1258	5390.0	1032.0
1259	5654.0	1034.0
1260	5649.0	1113.0
1261	5047.0	1140.0
1262	4907.0	1056.0
1263	4901.0	1007.0
1264	4967.0	1078.0
1265	4625.0	1024.0
1266	4459.0	963.0
1267	4385.0	913.0
1268	4423.0	900.0
1269	4303.0	833.0
1270	4324.0	876.0
1271	4734.0	854.0
1272	4809.0	889.0
1273	5000.0	843.0
1274	5064.0	880.0
1275	5174.0	890.0
1276	5840.0	918.0
1277	5563.0	932.0
1278	5806.0	959.0
1279	6110.0	930.0
1280	6401.0	958.0
1281	6564.0	945.0
1282	6099.0	893.0
1283	6204.0	928.0
1284	6277.0	954.0
1285	6746.0	1001.0
1286	6939.0	1043.0
1287	7177.0	1043.0
1288	7673.0	1066.0
1289	8476.0	1116.0
1290	8686.0	1172.0
1291	8828.0	1177.0
1292	8720.0	1138.0
1293	8448.0	1188.0
1294	7833.0	1236.0
1295	7565.0	1268.0
1296	7188.0	1164.0
1297	7063.0	1192.0
1298	6742.0	1206.0
1299	6732.0	1130.0
1300	6910.0	1199.0
1301	6419.0	1142.0
1302	6470.0	1056.0
1303	6388.0	1006.0
1304	6457.0	1022.0
1305	6226.0	1142.0
1306	6403.0	1016.0
1307	6430.0	1102.0
1308	6165.0	985.0
1309	6336.0	1085.0
1310	6192.0	1094.0
1311	6165.0	1219.0
1312	6460.0	1240.0
1313	6597.0	1210.0
1314	6368.0	1237.0
1315	5949.0	1127.0
1316	6227.0	1232.0
1317	5994.0	1235.0
1318	5639.0	1293.0
1319	5340.0	1250.0
1320	5044.0	1276.0
1321	5243.0	1175.0
1322	4977.0	1043.0
1323	5072.0	1084.0
1324	4914.0	1066.0
1325	4944.0	1190.0
1326	5002.0	1095.0
1327	4798.0	1070.0
1328	4733.0	1061.0
1329	4555.0	1061.0
1330	4505.0	1028.0
1331	4697.0	1064.0
1332	4835.0	905.0
1333	4843.0	934.0
1334	4984.0	963.0
1335	5070.0	948.0
1336	5118.0	1038.0
1337	5173.0	951.0
1338	5411.0	975.0
1339	5405.0	982.0
1340	5406.0	1071.0
1341	5757.0	1007.0
1342	5870.0	1083.0
1343	6072.0	1086.0
1344	5548.0	997.0
1345	5659.0	972.0
1346	5852.0	944.0
1347	5490.0	931.0
1348	5478.0	916.0
1349	5297.0	1039.0
1350	5599.0	1102.0
1351	5324.0	1038.0
1352	5660.0	968.0
1353	5894.0	932.0
1354	5497.0	967.0
1355	5728.0	894.0
1356	5720.0	880.0
1357	5225.0	831.0
1358	5414.0	985.0
1359	5393.0	877.0
1360	5270.0	936.0
1361	4958.0	1002.0
1362	5063.0	1096.0
1363	5008.0	1116.0
1364	4865.0	1164.0
1365	4762.0	1270.0
1366	4786.0	1176.0
1367	4963.0	1265.0
1368	5130.0	1294.0
1369	5541.0	1363.0
1370	5456.0	1394.0
1371	5431.0	1279.0
1372	5504.0	1259.0
1373	5462.0	1179.0
1374	5586.0	1247.0
1375	5337.0	1290.0
1376	4977.0	1313.0
1377	5190.0	1405.0
1378	4908.0	1225.0
1379	4976.0	1252.0
1380	5053.0	1262.0
1381	5063.0	1258.0
1382	5067.0	1186.0
1383	5178.0	1082.0
1384	5448.0	1229.0
1385	5213.0	1201.0
1386	5052.0	1278.0
1387	5345.0	1060.0
1388	5274.0	1040.0
1389	5050.0	1039.0
1390	4760.0	1078.0
1391	4855.0	1026.0
1392	5218.0	1114.0
1393	4933.0	1087.0
1394	4997.0	1027.0
1395	4560.0	1093.0
1396	4415.0	1024.0
1397	4296.0	1018.0
1398	4112.0	1016.0
1399	4132.0	1040.0
1400	4341.0	1014.0
1401	4139.0	1059.0
1402	4180.0	1104.0
1403	4389.0	1139.0
1404	4247.0	1105.0
1405	4238.0	1130.0
1406	4234.0	1127.0
1407	4313.0	1094.0
1408	4208.0	1202.0
1409	4273.0	1153.0
1410	4386.0	1099.0
1411	5110.0	1092.0
1412	5212.0	1135.0
1413	4954.0	1201.0
1414	5169.0	1159.0
1415	5532.0	1165.0
1416	5999.0	1036.0
1417	6022.0	1017.0
1418	6622.0	988.0
1419	6439.0	977.0
1420	6805.0	1076.0
1421	6572.0	1025.0
1422	6501.0	1065.0
1423	6322.0	997.0
1424	6014.0	1043.0
1425	5719.0	932.0
1426	5576.0	946.0
1427	5157.0	883.0
1428	5187.0	916.0
1429	4560.0	995.0
1430	4798.0	928.0
1431	5034.0	988.0
1432	4960.0	915.0
1433	4902.0	961.0
1434	4849.0	983.0
1435	5404.0	1021.0
1436	5513.0	1031.0
1437	5361.0	1050.0
1438	5323.0	1106.0
1439	5192.0	1107.0
1440	5179.0	1073.0
1441	4994.0	1204.0
1442	4745.0	1162.0
1443	4664.0	1192.0
1444	4926.0	1319.0
1445	4785.0	1270.0
1446	4860.0	1528.0
1447	4806.0	1619.0
1448	4729.0	1506.0
1449	4855.0	1417.0
1450	4827.0	1275.0
1451	5156.0	1242.0
1452	5375.0	1248.0
1453	5115.0	1038.0
1454	5068.0	1157.0
1455	5053.0	1095.0
1456	5042.0	1006.0
1457	4811.0	1102.0
1458	4460.0	1103.0
1459	4765.0	969.0
1460	4486.0	1134.0
1461	4433.0	1196.0
1462	4374.0	1054.0
1463	4617.0	1102.0
1464	4800.0	1121.0
1465	4650.0	1228.0
1466	4490.0	1250.0
1467	4543.0	1301.0
1468	4932.0	1157.0
1469	4893.0	1163.0
1470	5172.0	1110.0
1471	4696.0	990.0
1472	5018.0	978.0
1473	5126.0	897.0
1474	5127.0	927.0
1475	4653.0	922.0
1476	4482.0	907.0
1477	5031.0	823.0
1478	4804.0	885.0
1479	4852.0	884.0
1480	4784.0	836.0
1481	4718.0	899.0
1482	4455.0	901.0
1483	4177.0	913.0
1484	4077.0	983.0
1485	4039.0	1097.0
1486	3754.0	1123.0
1487	3893.0	1077.0
1488	3994.0	1096.0
1489	3882.0	1143.0
1490	4002.0	1146.0
1491	3914.0	1242.0
1492	3794.0	1171.0
1493	4077.0	1185.0
1494	4128.0	1083.0
1495	4388.0	1086.0
1496	4057.0	1174.0
1497	4016.0	1199.0
1498	3893.0	1124.0
1499	3629.0	1100.0
1500	3943.0	1065.0
1501	3538.0	1167.0
1502	3573.0	1156.0
1503	3605.0	1091.0
1504	3848.0	1033.0
1505	3856.0	1001.0
1506	3586.0	952.0
1507	3861.0	945.0
1508	3798.0	1034.0
1509	3724.0	1021.0
1510	4000.0	1012.0
1511	3994.0	995.0
1512	3790.0	881.0
1513	3933.0	884.0
1514	4041.0	864.0
1515	4388.0	871.0
1516	4496.0	877.0
1517	4616.0	838.0
1518	4874.0	836.0
1519	4936.0	900.0
1520	5145.0	866.0
1521	5618.0	855.0
1522	5629.0	1018.0
1523	5735.0	991.0
1524	5789.0	1039.0
1525	5479.0	1080.0
1526	5385.0	1017.0
1527	5088.0	986.0
1528	5392.0	1049.0
1529	5369.0	1046.0
1530	5196.0	933.0
1531	5154.0	920.0
1532	5108.0	897.0
1533	4944.0	936.0
1534	5157.0	874.0
1535	5024.0	1084.0
1536	5032.0	972.0
1537	4807.0	987.0
1538	4869.0	1050.0
1539	4648.0	1016.0
1540	4348.0	1038.0
1541	4384.0	992.0
1542	4325.0	930.0
1543	4064.0	934.0
1544	3832.0	960.0
1545	4076.0	926.0
1546	3943.0	922.0
1547	3693.0	860.0
1548	3596.0	909.0
1549	3686.0	950.0
1550	3474.0	947.0
1551	3824.0	966.0
1552	3971.0	1066.0
1553	3672.0	1015.0
1554	3783.0	981.0
1555	3985.0	926.0
1556	4126.0	895.0
1557	4099.0	909.0
1558	4264.0	876.0
1559	4039.0	966.0
1560	3910.0	866.0
1561	3955.0	823.0
1562	3999.0	854.0
1563	4248.0	868.0
1564	4319.0	954.0
1565	4211.0	904.0
1566	4543.0	992.0
1567	4791.0	886.0
1568	4892.0	849.0
1569	4722.0	879.0
1570	4871.0	810.0
1571	4952.0	826.0
1572	4942.0	978.0
1573	5161.0	1001.0
1574	5184.0	931.0
1575	5067.0	1015.0
1576	5207.0	1134.0
1577	4945.0	1043.0
1578	4510.0	1011.0
1579	4786.0	950.0
1580	4595.0	899.0
1581	4304.0	864.0
1582	4354.0	862.0
1583	4363.0	939.0
1584	4059.0	918.0
1585	3904.0	869.0
1586	3907.0	996.0
1587	3598.0	938.0
1588	3676.0	906.0
1589	3660.0	935.0
1590	3677.0	1006.0
1591	3291.0	1129.0
1592	3401.0	1062.0
1593	3488.0	1006.0
1594	3684.0	1080.0
1595	3618.0	1095.0
1596	3688.0	893.0
1597	3795.0	850.0
1598	3817.0	943.0
1599	4245.0	936.0
1600	4339.0	936.0
1601	4323.0	912.0
1602	4114.0	1080.0
1603	4230.0	1047.0
1604	4099.0	994.0
1605	3926.0	1057.0
1606	3884.0	979.0
1607	3841.0	887.0
1608	3823.0	854.0
1609	3597.0	881.0
1610	3767.0	920.0
1611	3943.0	860.0
1612	3730.0	934.0
1613	3682.0	1026.0
1614	3951.0	1032.0
1615	3707.0	986.0
1616	3986.0	927.0
1617	4271.0	973.0
1618	4192.0	952.0
1619	4398.0	1039.0
1620	4612.0	1139.0
1621	4672.0	1182.0
1622	4819.0	1133.0
1623	5054.0	1106.0
1624	5076.0	1061.0
1625	5366.0	1073.0
1626	5382.0	1122.0
1627	5703.0	1140.0
1628	5603.0	1044.0
1629	5716.0	1066.0
1630	5686.0	1055.0
1631	5423.0	1106.0
1632	5267.0	966.0
1633	5058.0	996.0
1634	5004.0	1129.0
1635	5149.0	1081.0
1636	4909.0	1034.0
1637	4883.0	957.0
1638	4692.0	961.0
1639	4935.0	1003.0
1640	5357.0	1050.0
1641	5408.0	1038.0
1642	5322.0	997.0
1643	5382.0	938.0
1644	5265.0	954.0
1645	5132.0	1040.0
1646	5232.0	1130.0
1647	5198.0	1093.0
1648	4901.0	1219.0
1649	4839.0	1215.0
1650	4864.0	1167.0
1651	4868.0	1203.0
1652	4570.0	1176.0
1653	4414.0	1258.0
1654	4038.0	1255.0
1655	3841.0	1235.0
1656	3708.0	1167.0
1657	3337.0	1110.0
1658	3215.0	1245.0
1659	3163.0	1182.0
1660	3251.0	1280.0
1661	3241.0	1261.0
1662	3108.0	1327.0
1663	3205.0	1114.0
1664	3296.0	1089.0
1665	3544.0	995.0
1666	3516.0	986.0
1667	3597.0	885.0
1668	3725.0	951.0
1669	3849.0	897.0
1670	3915.0	900.0
1671	4060.0	1090.0
1672	4068.0	1091.0
1673	3823.0	943.0
1674	4060.0	929.0
1675	3789.0	912.0
1676	3758.0	1013.0
1677	3981.0	1015.0
1678	3766.0	938.0
1679	3943.0	975.0
1680	3995.0	858.0
1681	4177.0	880.0
1682	4148.0	930.0
1683	4364.0	883.0
1684	4406.0	903.0
1685	4455.0	982.0
1686	4402.0	844.0
1687	4400.0	955.0
1688	4295.0	966.0
1689	4412.0	998.0
1690	4353.0	970.0
1691	4826.0	948.0
1692	5034.0	960.0
1693	4981.0	1086.0
1694	5632.0	1092.0
1695	5262.0	1034.0
1696	5156.0	1074.0
1697	5249.0	1035.0
1698	5114.0	1028.0
1699	5161.0	1047.0
1700	4862.0	1028.0
1701	4941.0	1022.0
1702	5323.0	1112.0
1703	5116.0	1151.0
1704	5188.0	1092.0
1705	4699.0	1123.0
1706	4351.0	1061.0
1707	3809.0	1127.0
1708	3477.0	1153.0
1709	3712.0	1119.0
1710	3675.0	1232.0
1711	3299.0	1282.0
1712	3312.0	1206.0
1713	3415.0	1215.0
1714	3364.0	1140.0
1715	3710.0	1195.0
1716	3463.0	1214.0
1717	3572.0	1133.0
1718	3646.0	1236.0
1719	3598.0	1152.0
1720	3738.0	1086.0
1721	3727.0	1040.0
1722	4059.0	974.0
1723	4046.0	1044.0
1724	3489.0	1001.0
1725	3912.0	1031.0
1726	3900.0	1023.0
1727	4024.0	1010.0
1728	4412.0	951.0
1729	4335.0	1048.0
1730	4129.0	1043.0
1731	4200.0	933.0
1732	4043.0	865.0
1733	4371.0	846.0
1734	4121.0	861.0
1735	4366.0	832.0
1736	4188.0	848.0
1737	3896.0	879.0
1738	3780.0	941.0
1739	3826.0	925.0
1740	4049.0	975.0
1741	3905.0	911.0
1742	3908.0	909.0
1743	4019.0	1047.0
1744	4052.0	999.0
1745	4357.0	1008.0
1746	4734.0	1066.0
1747	4895.0	1099.0
1748	4834.0	1153.0
1749	4998.0	1095.0
1750	5303.0	1060.0
1751	5333.0	1190.0
1752	5407.0	1208.0
1753	5259.0	1041.0
1754	5429.0	1108.0
1755	5323.0	1103.0
1756	5226.0	1083.0
1757	5305.0	1005.0
1758	5054.0	1001.0
1759	4982.0	1086.0
1760	4997.0	1057.0
1761	4345.0	972.0
1762	4612.0	929.0
1763	4508.0	925.0
1764	4426.0	1068.0
1765	4285.0	1027.0
1766	4200.0	1019.0
1767	4189.0	1025.0
1768	4048.0	1056.0
1769	4054.0	1083.0
1770	3665.0	1053.0
1771	3604.0	998.0
1772	3719.0	1044.0
1773	3465.0	1073.0
1774	3315.0	1200.0
1775	3066.0	1136.0
1776	2925.0	1171.0
1777	2984.0	1221.0
1778	2936.0	1192.0
1779	2875.0	1319.0
1780	2850.0	1459.0
1781	2963.0	1417.0
1782	2883.0	1407.0
1783	2814.0	1342.0
1784	3206.0	1456.0
1785	3005.0	1370.0
1786	3134.0	1316.0
1787	3548.0	1301.0
1788	3617.0	1281.0
1789	3342.0	1256.0
1790	3679.0	1239.0
1791	3520.0	1250.0
1792	3514.0	1309.0
1793	3578.0	1284.0
1794	3555.0	1185.0
1795	3955.0	1205.0
1796	3831.0	1104.0
1797	3857.0	1123.0
1798	4318.0	1194.0
1799	4403.0	1106.0
1800	4514.0	1031.0
1801	4377.0	1081.0
1802	4345.0	899.0
1803	4383.0	802.0
1804	4212.0	864.0
1805	4243.0	963.0
1806	4213.0	888.0
1807	4273.0	984.0
1808	4375.0	1053.0
1809	4212.0	1085.0
1810	4091.0	1049.0
1811	3974.0	1126.0
1812	3713.0	1132.0
1813	3344.0	1158.0
1814	3579.0	1014.0
1815	3358.0	831.0
1816	3338.0	912.0
1817	2971.0	842.0
1818	3065.0	801.0
1819	3184.0	742.0
1820	3107.0	718.0
1821	3332.0	668.0
1822	3453.0	771.0
1823	3765.0	792.0
1824	3689.0	724.0
1825	3548.0	798.0
1826	3479.0	805.0
1827	3308.0	813.0
1828	3352.0	814.0
1829	3365.0	869.0
1830	3282.0	838.0
1831	3220.0	804.0
1832	3013.0	901.0
1833	3266.0	912.0
1834	3127.0	914.0
1835	3077.0	909.0
1836	3005.0	876.0
1837	3186.0	789.0
1838	3182.0	784.0
1839	3396.0	786.0
1840	3324.0	759.0
1841	3087.0	762.0
1842	3166.0	740.0
1843	2921.0	815.0
1844	2903.0	782.0
1845	2862.0	857.0
1846	2767.0	731.0
1847	2598.0	743.0
1848	2590.0	806.0
1849	2508.0	853.0
1850	2625.0	735.0
1851	2540.0	866.0
1852	2381.0	808.0
1853	2419.0	790.0
1854	2419.0	736.0
1855	2436.0	838.0
1856	2379.0	802.0
1857	2312.0	813.0
1858	2232.0	741.0
1859	2223.0	720.0
1860	2119.0	628.0
1861	2221.0	608.0
1862	2261.0	680.0
1863	1975.0	712.0
1864	2015.0	735.0
1865	2114.0	722.0
1866	2138.0	760.0
1867	2069.0	801.0
1868	2004.0	808.0
1869	2172.0	847.0
1870	2125.0	865.0
1871	2219.0	900.0
1872	2163.0	912.0
1873	2165.0	892.0
1874	2270.0	868.0
1875	2308.0	929.0
1876	2306.0	899.0
1877	2313.0	827.0
1878	2601.0	802.0
1879	2644.0	782.0
1880	2657.0	842.0
1881	2771.0	824.0
1882	2788.0	920.0
1883	2790.0	966.0
1884	2514.0	899.0
1885	2618.0	820.0
1886	2778.0	836.0
1887	2720.0	759.0
1888	2549.0	750.0
1889	2486.0	708.0
1890	2475.0	841.0
1891	2522.0	783.0
1892	2545.0	737.0
1893	2669.0	746.0
1894	2616.0	766.0
1895	2660.0	690.0
1896	2752.0	657.0
1897	2729.0	689.0
1898	2851.0	661.0
1899	2597.0	618.0
1900	2812.0	621.0
1901	2761.0	657.0
1902	2858.0	736.0
1903	2842.0	744.0
1904	2811.0	666.0
1905	2894.0	679.0
1906	3078.0	703.0
1907	3108.0	646.0
1908	3018.0	681.0
1909	3074.0	611.0
1910	3046.0	653.0
1911	2788.0	719.0
1912	2573.0	795.0
1913	2376.0	710.0
1914	2476.0	781.0
1915	2372.0	853.0
1916	2309.0	767.0
1917	2540.0	837.0
1918	2550.0	808.0
1919	2503.0	824.0
1920	2580.0	820.0
1921	2479.0	838.0
1922	2630.0	740.0
1923	2652.0	742.0
1924	2615.0	784.0
1925	2441.0	855.0
1926	2361.0	850.0
1927	2494.0	788.0
1928	2539.0	865.0
1929	2390.0	915.0
1930	2609.0	966.0
1931	2493.0	934.0
1932	2824.0	790.0
1933	3217.0	775.0
1934	2915.0	708.0
1935	2605.0	767.0
1936	2601.0	752.0
1937	2580.0	768.0
1938	2544.0	712.0
1939	2522.0	728.0
1940	2482.0	794.0
1941	2392.0	797.0
1942	2535.0	852.0
1943	2533.0	744.0
1944	2841.0	688.0
1945	2975.0	748.0
1946	2924.0	783.0
1947	3001.0	851.0
1948	2933.0	860.0
1949	2862.0	969.0
1950	3154.0	929.0
1951	3008.0	844.0
1952	3052.0	792.0
1953	2945.0	788.0
1954	2984.0	762.0
1955	3094.0	818.0
1956	3131.0	869.0
1957	2945.0	766.0
1958	2984.0	834.0
1959	2850.0	987.0
1960	3083.0	815.0
1961	3089.0	706.0
1962	3021.0	723.0
1963	3152.0	751.0
1964	2769.0	831.0
1965	2849.0	872.0
1966	2833.0	881.0
1967	2821.0	802.0
1968	2640.0	859.0
1969	2639.0	833.0
1970	2648.0	860.0
1971	2639.0	785.0
1972	2795.0	775.0
1973	2846.0	751.0
1974	2846.0	781.0
1975	2631.0	832.0
1976	2760.0	840.0
1977	2631.0	738.0
1978	2553.0	718.0
1979	2546.0	711.0
1980	2425.0	692.0
1981	2391.0	680.0
1982	2457.0	671.0
1983	2394.0	694.0
1984	2439.0	699.0
1985	2396.0	717.0
1986	2535.0	702.0
1987	2361.0	668.0
1988	2329.0	668.0
1989	2593.0	704.0
1990	2471.0	728.0
1991	2410.0	648.0
1992	2325.0	632.0
1993	2346.0	609.0
1994	2486.0	663.0
1995	2437.0	664.0
1996	2364.0	699.0
1997	2480.0	663.0
1998	2503.0	670.0
1999	2528.0	700.0
