Offset	A	C	G	T	A/T	C/G	A/G	C/T	AA	AC	AG	AT	CA	CC	CG	CT	GA	GC	GG	GT	TA	TC	TG	TT	N	NN
-50	0.307878	0.180048	0.191216	0.320858	0.394404	0.135390	0.254697	0.255267	0.103468	0.055252	0.057217	0.091942	0.061911	0.034149	0.027159	0.056829	0.056057	0.036127	0.037956	0.061076	0.088861	0.054155	0.067708	0.110133	301853.0	301853.0
-49	0.310297	0.179683	0.190040	0.319980	0.394348	0.135467	0.256231	0.255131	0.104183	0.055954	0.058764	0.091395	0.061368	0.033758	0.027768	0.056789	0.055090	0.035746	0.038194	0.061010	0.088421	0.054235	0.066976	0.110348	301853.0	301853.0
-48	0.309061	0.179693	0.191703	0.319543	0.394377	0.136404	0.254660	0.254306	0.103981	0.056050	0.056846	0.092184	0.061868	0.034070	0.027285	0.056471	0.055385	0.036601	0.038449	0.061268	0.088079	0.053632	0.067699	0.110133	301853.0	301853.0
-47	0.309313	0.180353	0.190278	0.320056	0.393324	0.135145	0.254223	0.255217	0.104226	0.056060	0.057429	0.091598	0.061742	0.033834	0.027553	0.057223	0.055143	0.036332	0.037426	0.061378	0.088513	0.055173	0.067384	0.108987	301853.0	301853.0
-46	0.309624	0.181400	0.189791	0.319185	0.393738	0.136676	0.253885	0.255949	0.103746	0.055848	0.057591	0.092439	0.062080	0.034924	0.027759	0.056637	0.054782	0.036226	0.037767	0.061016	0.087828	0.054662	0.066970	0.109726	301853.0	301853.0
-45	0.308435	0.181661	0.190086	0.319818	0.393089	0.137262	0.252626	0.257297	0.102752	0.056315	0.057313	0.092055	0.061537	0.035246	0.027507	0.057372	0.054666	0.036614	0.037896	0.060910	0.088076	0.054474	0.067062	0.110206	301853.0	301853.0
-44	0.307030	0.182649	0.189778	0.320543	0.391793	0.137497	0.251964	0.257758	0.102954	0.056359	0.056524	0.091193	0.061924	0.035050	0.028395	0.057280	0.054951	0.036518	0.037535	0.060775	0.087294	0.055076	0.067821	0.110352	301853.0	301853.0
-43	0.307123	0.183003	0.190275	0.319599	0.391495	0.134794	0.252991	0.258513	0.102275	0.056057	0.057121	0.091670	0.062461	0.034696	0.026821	0.059025	0.055719	0.035401	0.037876	0.061278	0.086658	0.053900	0.068149	0.110892	301853.0	301853.0
-42	0.307113	0.180055	0.189967	0.322866	0.394162	0.136282	0.250264	0.259424	0.101805	0.055514	0.056962	0.092833	0.061060	0.035484	0.027156	0.056355	0.054056	0.036200	0.037442	0.062269	0.087268	0.055328	0.068013	0.112257	301853.0	301853.0
-41	0.304188	0.182526	0.189572	0.323714	0.394841	0.136600	0.249983	0.260789	0.102099	0.054729	0.055858	0.091501	0.061855	0.035686	0.026934	0.058051	0.054619	0.036574	0.037406	0.060973	0.089007	0.054818	0.067655	0.112233	301853.0	301853.0
-40	0.307580	0.181807	0.187853	0.322760	0.393927	0.136258	0.251941	0.260567	0.102460	0.055027	0.057458	0.092634	0.060609	0.035792	0.027676	0.057730	0.054888	0.035656	0.037134	0.060175	0.087397	0.055610	0.068318	0.111435	301853.0	301853.0
-39	0.305354	0.182085	0.190586	0.321975	0.391790	0.135659	0.252414	0.259726	0.101854	0.055325	0.056759	0.091415	0.062027	0.034765	0.026864	0.058429	0.056017	0.036246	0.037783	0.060539	0.087642	0.055653	0.067801	0.110878	301853.0	301853.0
-38	0.307540	0.181989	0.189208	0.321262	0.391820	0.136354	0.254296	0.259338	0.102779	0.055895	0.058144	0.090723	0.061262	0.035073	0.027242	0.058413	0.055116	0.035782	0.038257	0.060052	0.087254	0.054788	0.068156	0.111064	301853.0	301853.0
-37	0.306411	0.181539	0.191799	0.320252	0.390674	0.136951	0.252037	0.258845	0.101735	0.056494	0.057190	0.090991	0.061662	0.034209	0.027235	0.058432	0.055020	0.037416	0.038091	0.061272	0.086774	0.055030	0.067274	0.111173	301853.0	301853.0
-36	0.305192	0.183149	0.189791	0.321869	0.391290	0.136977	0.250682	0.262479	0.101390	0.055487	0.057127	0.091187	0.061884	0.034871	0.027821	0.058572	0.053943	0.036064	0.038221	0.061563	0.085277	0.055600	0.067556	0.113436	301853.0	301853.0
-35	0.302495	0.182022	0.190725	0.324757	0.391025	0.136222	0.250771	0.262820	0.101728	0.054649	0.056143	0.089974	0.061348	0.035362	0.026963	0.058350	0.055259	0.036256	0.037641	0.061570	0.087105	0.056892	0.068543	0.112217	301853.0	301853.0
-34	0.305440	0.183159	0.189291	0.322110	0.391956	0.135440	0.252172	0.260315	0.101934	0.054122	0.058260	0.091124	0.062202	0.034192	0.027752	0.059012	0.054818	0.036336	0.037160	0.060977	0.087476	0.055689	0.067523	0.111422	301853.0	301853.0
-33	0.306431	0.180339	0.190695	0.322534	0.391446	0.135417	0.251020	0.257857	0.101549	0.055414	0.057478	0.091988	0.061136	0.034427	0.027301	0.057475	0.055057	0.036753	0.036935	0.061951	0.087152	0.055199	0.069428	0.110756	301853.0	301853.0
-32	0.304893	0.181794	0.191143	0.322170	0.389037	0.136938	0.251811	0.258069	0.102030	0.055872	0.056872	0.090120	0.061394	0.034861	0.026848	0.058691	0.055133	0.037452	0.037777	0.060781	0.088245	0.055875	0.069408	0.108642	301853.0	301853.0
-31	0.306802	0.184060	0.190904	0.318234	0.390001	0.135457	0.251904	0.256393	0.101361	0.056107	0.057448	0.091886	0.062978	0.034560	0.027911	0.058611	0.056375	0.036266	0.036720	0.061543	0.087536	0.054003	0.067477	0.109219	301853.0	301853.0
-30	0.308249	0.180936	0.189556	0.321259	0.393278	0.135397	0.254481	0.257059	0.104186	0.055017	0.057455	0.091591	0.061464	0.034918	0.027222	0.057333	0.055732	0.036150	0.037107	0.060566	0.088722	0.056031	0.067728	0.108778	301853.0	301853.0
-29	0.310105	0.182115	0.189513	0.318268	0.392771	0.134648	0.254071	0.256154	0.103027	0.055640	0.058452	0.092986	0.061851	0.034918	0.027414	0.057932	0.056044	0.035769	0.036548	0.061152	0.087881	0.054427	0.067082	0.108877	301853.0	301853.0
-28	0.308803	0.180754	0.189496	0.320948	0.392221	0.134257	0.253749	0.255790	0.102557	0.054802	0.059297	0.092148	0.061285	0.033970	0.027629	0.057869	0.055067	0.035829	0.036829	0.061772	0.088835	0.055269	0.068162	0.108682	301853.0	301853.0
-27	0.307743	0.179869	0.191918	0.320471	0.392953	0.135496	0.253388	0.256158	0.102891	0.054951	0.057664	0.092237	0.061556	0.034573	0.027060	0.056680	0.055464	0.036495	0.037369	0.062590	0.088401	0.055481	0.067165	0.109424	301853.0	301853.0
-26	0.308312	0.181499	0.189258	0.320931	0.391217	0.134294	0.252550	0.257659	0.102656	0.055524	0.057846	0.092287	0.061537	0.034616	0.027692	0.057654	0.055219	0.035156	0.036829	0.062053	0.087046	0.056160	0.068497	0.109229	301853.0	301853.0
-25	0.306457	0.181456	0.190864	0.321223	0.387106	0.135407	0.253683	0.256844	0.101301	0.055878	0.059565	0.089713	0.061709	0.034696	0.027215	0.057836	0.055610	0.036289	0.037207	0.061759	0.087659	0.055878	0.069252	0.108434	301853.0	301853.0
-24	0.306278	0.182741	0.193240	0.317741	0.385741	0.137650	0.254839	0.256539	0.100632	0.056375	0.058552	0.090720	0.062080	0.035564	0.027782	0.057316	0.057637	0.036286	0.038019	0.061298	0.086446	0.055716	0.067636	0.107943	301853.0	301853.0
-23	0.306795	0.183941	0.191987	0.317277	0.386466	0.137627	0.254137	0.258334	0.101675	0.055746	0.058333	0.091041	0.062272	0.035332	0.028209	0.058128	0.056524	0.036481	0.037604	0.061378	0.084912	0.056037	0.067490	0.108838	301853.0	301853.0
-22	0.305384	0.183596	0.191636	0.319384	0.385691	0.137444	0.253478	0.257963	0.101410	0.055772	0.058406	0.089795	0.062259	0.035342	0.027821	0.058174	0.056276	0.036895	0.037386	0.061079	0.086814	0.056776	0.068123	0.107672	301853.0	301853.0
-21	0.306759	0.184785	0.191736	0.316720	0.384078	0.139339	0.252944	0.257301	0.101559	0.056120	0.058091	0.090988	0.063332	0.035792	0.028560	0.057101	0.055587	0.037280	0.037707	0.061162	0.083809	0.056687	0.068504	0.107721	301853.0	301853.0
-20	0.304287	0.185879	0.192862	0.316972	0.382524	0.139184	0.251603	0.258570	0.101102	0.055862	0.057492	0.089832	0.063634	0.035613	0.027838	0.058794	0.055255	0.037979	0.037753	0.061874	0.084485	0.057058	0.068325	0.107105	301853.0	301853.0
-19	0.304476	0.186511	0.191408	0.317605	0.382782	0.138524	0.251430	0.258815	0.100426	0.055577	0.058724	0.089749	0.062928	0.035865	0.028090	0.059628	0.054954	0.037243	0.037326	0.061884	0.085038	0.055752	0.069246	0.107569	301853.0	301853.0
-18	0.303346	0.184437	0.193386	0.318831	0.382408	0.138481	0.252292	0.258079	0.100390	0.055779	0.057906	0.089272	0.062444	0.035637	0.028212	0.058144	0.056458	0.037094	0.037538	0.062295	0.085429	0.056981	0.069103	0.107317	301853.0	301853.0
-17	0.304721	0.185491	0.192759	0.317028	0.378827	0.140108	0.252911	0.258580	0.100632	0.055772	0.058843	0.089474	0.062431	0.036296	0.028703	0.058061	0.056359	0.038032	0.037078	0.061291	0.082434	0.057935	0.070372	0.106287	301853.0	301853.0
-16	0.301856	0.188035	0.194996	0.315114	0.375130	0.141350	0.253753	0.257708	0.098594	0.055673	0.059420	0.088169	0.063107	0.036253	0.028719	0.059956	0.057051	0.037691	0.038688	0.061566	0.083170	0.056302	0.070445	0.105197	301853.0	301853.0
-15	0.301922	0.185918	0.197272	0.314888	0.375915	0.141605	0.254213	0.255326	0.099489	0.055365	0.059002	0.088066	0.063157	0.034669	0.029339	0.058754	0.056703	0.038578	0.039019	0.062971	0.082845	0.056388	0.070140	0.105515	301853.0	301853.0
-14	0.302193	0.185001	0.197500	0.315306	0.376442	0.141837	0.252752	0.257138	0.098535	0.055414	0.059171	0.089073	0.061974	0.036289	0.028620	0.058118	0.056746	0.038628	0.038300	0.063826	0.082159	0.056057	0.070415	0.106674	301853.0	301853.0
-13	0.299414	0.186389	0.196506	0.317691	0.377127	0.139790	0.254501	0.257115	0.099370	0.053539	0.059751	0.086754	0.064217	0.035259	0.028676	0.058237	0.057697	0.038171	0.037684	0.062954	0.084366	0.056981	0.069706	0.106638	301853.0	301853.0
-12	0.305649	0.183950	0.195817	0.314584	0.377336	0.140744	0.257019	0.258430	0.100320	0.055573	0.061162	0.088593	0.061543	0.036581	0.027795	0.058032	0.057492	0.038323	0.038045	0.061957	0.082510	0.057906	0.068255	0.105912	301853.0	301853.0
-11	0.301865	0.188383	0.195257	0.314494	0.377469	0.141069	0.249800	0.262207	0.097213	0.054878	0.058085	0.091690	0.062057	0.036753	0.029001	0.060573	0.056620	0.037432	0.037883	0.063322	0.080503	0.056819	0.069110	0.108063	301853.0	301853.0
-10	0.296393	0.185882	0.194078	0.323648	0.375057	0.140337	0.246647	0.264125	0.095351	0.055385	0.057631	0.088026	0.061026	0.035709	0.029236	0.059910	0.055699	0.037426	0.037965	0.062988	0.081964	0.058790	0.073178	0.109716	301853.0	301853.0
-9	0.294040	0.187310	0.198010	0.320640	0.373967	0.142258	0.247882	0.263970	0.096511	0.054927	0.056577	0.086025	0.062355	0.036965	0.028434	0.059555	0.056945	0.039009	0.037850	0.064207	0.083783	0.059801	0.069408	0.107648	301853.0	301853.0
-8	0.299593	0.190702	0.192269	0.317436	0.377965	0.139760	0.249771	0.260365	0.097432	0.055656	0.057889	0.088616	0.065300	0.036640	0.028848	0.059913	0.056660	0.036481	0.037790	0.061338	0.085316	0.057210	0.068308	0.106602	301853.0	301853.0
-7	0.304708	0.185988	0.192836	0.316469	0.382753	0.137663	0.252732	0.257572	0.100145	0.056958	0.058114	0.089491	0.064634	0.035262	0.028000	0.058091	0.057048	0.036975	0.037426	0.061387	0.085436	0.056537	0.066814	0.107682	301853.0	301853.0
-6	0.307262	0.185733	0.190354	0.316651	0.385893	0.135175	0.253945	0.260272	0.102606	0.058055	0.057359	0.089242	0.064899	0.035577	0.026990	0.058267	0.057839	0.036468	0.036140	0.059907	0.085807	0.058191	0.064415	0.108238	301853.0	301853.0
-5	0.311151	0.188290	0.184905	0.315654	0.389491	0.133919	0.256231	0.259477	0.105886	0.056584	0.057604	0.091077	0.066811	0.035792	0.027507	0.058181	0.057107	0.034987	0.035633	0.057177	0.084498	0.057475	0.065651	0.108029	301853.0	301853.0
-4	0.314302	0.184838	0.186395	0.314464	0.390220	0.131127	0.259351	0.255701	0.107251	0.057823	0.059479	0.089749	0.064137	0.034086	0.028481	0.058134	0.058128	0.034066	0.034494	0.059708	0.086357	0.056617	0.064627	0.106863	301853.0	301853.0
-3	0.315872	0.182592	0.187081	0.314454	0.390448	0.129517	0.244046	0.268386	0.102089	0.062898	0.055865	0.095020	0.062070	0.034861	0.025721	0.059940	0.053205	0.036047	0.032887	0.064942	0.080579	0.060824	0.060291	0.112760	301853.0	301853.0
-2	0.297943	0.194631	0.174764	0.332662	0.389418	0.129427	0.207909	0.321252	0.090710	0.062829	0.043594	0.100811	0.060589	0.045741	0.020825	0.067477	0.047255	0.036511	0.026351	0.064647	0.072840	0.082977	0.051787	0.125058	301853.0	301853.0
-1	0.271394	0.228058	0.142556	0.357992	0.440741	0.085287	0.190083	0.311426	0.087413	0.040122	0.038678	0.105180	0.100181	0.024833	0.019847	0.083196	0.044002	0.020616	0.019990	0.057949	0.098760	0.054010	0.055835	0.149387	301853.0	301853.0
0	0.330356	0.139581	0.134350	0.395712	0.446283	0.085177	0.247196	0.269535	0.105117	0.048437	0.074785	0.102017	0.047947	0.019413	0.022885	0.049335	0.046258	0.021842	0.021037	0.045214	0.110958	0.072595	0.083968	0.128192	301853.0	301853.0
1	0.310280	0.162288	0.202675	0.324757	0.387815	0.118813	0.257331	0.258212	0.101380	0.059569	0.059830	0.089501	0.051502	0.026082	0.026079	0.058625	0.060652	0.031184	0.035468	0.075371	0.083832	0.060404	0.067420	0.113101	301853.0	301853.0
2	0.297367	0.177239	0.188797	0.336598	0.364191	0.125892	0.272858	0.247389	0.096322	0.053046	0.068875	0.079125	0.058721	0.024522	0.033699	0.060298	0.063723	0.023733	0.043939	0.057402	0.085336	0.059161	0.088692	0.103408	301853.0	301853.0
3	0.304102	0.160462	0.235204	0.300232	0.349312	0.132455	0.292053	0.227064	0.104104	0.059847	0.062815	0.077336	0.049898	0.024174	0.031383	0.055007	0.083282	0.035047	0.041851	0.075023	0.077833	0.057843	0.074516	0.090041	301853.0	301853.0
4	0.315117	0.176911	0.210566	0.297406	0.339771	0.138150	0.281488	0.226435	0.098240	0.061437	0.069196	0.086244	0.051598	0.026026	0.039542	0.059744	0.071691	0.030220	0.042362	0.066294	0.074139	0.059516	0.082603	0.081149	301853.0	301853.0
5	0.295667	0.177199	0.233703	0.293431	0.320557	0.141251	0.283658	0.229602	0.096540	0.059960	0.064223	0.074944	0.052025	0.027388	0.035126	0.062660	0.079148	0.034991	0.043746	0.075818	0.071445	0.061927	0.082431	0.077627	301853.0	301853.0
6	0.299159	0.184265	0.225527	0.291049	0.328335	0.141506	0.277254	0.234389	0.096627	0.061676	0.060225	0.080632	0.052648	0.028696	0.037750	0.065171	0.078389	0.033046	0.042014	0.072078	0.070206	0.059652	0.080321	0.080870	301853.0	301853.0
7	0.297870	0.183069	0.220309	0.298751	0.325374	0.142725	0.271082	0.238017	0.092903	0.060897	0.062829	0.081242	0.050707	0.028279	0.036707	0.067377	0.072482	0.034871	0.042869	0.070087	0.071088	0.062219	0.085303	0.080142	301853.0	301853.0
8	0.287180	0.186266	0.227707	0.298847	0.324386	0.145130	0.280988	0.236049	0.094960	0.054507	0.063991	0.073721	0.052801	0.027099	0.038048	0.068318	0.076809	0.034755	0.045227	0.070915	0.073364	0.058290	0.084853	0.082341	301853.0	301853.0
9	0.297933	0.174651	0.232120	0.295296	0.322074	0.144229	0.282084	0.231576	0.093628	0.060404	0.065853	0.078048	0.048196	0.026649	0.035521	0.064286	0.077299	0.036756	0.045304	0.072761	0.069752	0.059996	0.084902	0.080645	301853.0	301853.0
10	0.288876	0.183805	0.231580	0.295740	0.315833	0.147651	0.280951	0.235260	0.090047	0.059052	0.065462	0.074314	0.050793	0.026662	0.037389	0.068961	0.076729	0.034888	0.048712	0.071250	0.070803	0.058969	0.085300	0.080668	301853.0	301853.0
11	0.288372	0.179571	0.236864	0.295193	0.316250	0.148115	0.285546	0.232653	0.090166	0.059092	0.066059	0.073055	0.049723	0.026659	0.035978	0.067212	0.079906	0.036064	0.049415	0.071479	0.072608	0.058363	0.083802	0.080420	301853.0	301853.0
12	0.292404	0.180177	0.235254	0.292165	0.316154	0.146406	0.283578	0.233660	0.092032	0.061712	0.065863	0.072797	0.051022	0.026423	0.034351	0.068381	0.077905	0.037853	0.047778	0.071717	0.070554	0.058085	0.082756	0.080771	301853.0	301853.0
13	0.291513	0.184073	0.230748	0.293666	0.314179	0.147161	0.283330	0.239660	0.091624	0.060645	0.066655	0.072588	0.049276	0.029369	0.033553	0.071876	0.076988	0.036177	0.048063	0.069521	0.070544	0.058992	0.084707	0.079423	301853.0	301853.0
14	0.288432	0.185183	0.232978	0.293408	0.314653	0.146648	0.280057	0.239053	0.090753	0.060264	0.065071	0.072343	0.050793	0.027865	0.034156	0.072370	0.076441	0.036836	0.047791	0.071909	0.070329	0.057591	0.084260	0.081228	301853.0	301853.0
15	0.288316	0.182556	0.231278	0.297850	0.318947	0.143411	0.276065	0.243758	0.089544	0.060029	0.064449	0.074294	0.050886	0.028169	0.030979	0.072522	0.075712	0.037903	0.046360	0.071303	0.071555	0.059512	0.083229	0.083554	301853.0	301853.0
16	0.287696	0.185614	0.225017	0.301673	0.320225	0.145362	0.277546	0.245686	0.091657	0.058754	0.063607	0.073678	0.051899	0.029998	0.032443	0.071273	0.075931	0.036571	0.046350	0.066165	0.072078	0.061603	0.085181	0.082812	301853.0	301853.0
17	0.291566	0.186925	0.227581	0.293928	0.320053	0.147005	0.284642	0.237308	0.094582	0.060443	0.064091	0.072449	0.053914	0.029455	0.034398	0.069159	0.078386	0.035570	0.047583	0.066042	0.072267	0.057939	0.082968	0.080755	301853.0	301853.0
18	0.299149	0.183407	0.229039	0.288405	0.326566	0.142980	0.283638	0.236191	0.097316	0.061802	0.063365	0.076666	0.053804	0.029730	0.030558	0.069315	0.076994	0.036730	0.045963	0.069352	0.071936	0.056498	0.079323	0.080649	301853.0	301853.0
19	0.300050	0.184759	0.219209	0.295982	0.332973	0.140095	0.277632	0.244019	0.098273	0.061749	0.062650	0.077379	0.055262	0.031144	0.029710	0.068643	0.073725	0.036256	0.042984	0.066244	0.073536	0.060447	0.078214	0.083786	301853.0	301853.0
20	0.300795	0.189596	0.213558	0.296051	0.337283	0.140847	0.276472	0.244871	0.098392	0.061941	0.063793	0.076670	0.057763	0.031830	0.030909	0.069093	0.072681	0.036501	0.041606	0.062769	0.076332	0.058058	0.075772	0.085889	301853.0	301853.0
21	0.305168	0.188330	0.212080	0.294421	0.341020	0.140164	0.278245	0.240644	0.100373	0.062352	0.063610	0.078833	0.058237	0.032310	0.031018	0.066764	0.073208	0.035782	0.041053	0.062037	0.075991	0.055746	0.076862	0.085823	301853.0	301853.0
22	0.307809	0.186190	0.212544	0.293457	0.343210	0.138948	0.281992	0.237493	0.101172	0.061189	0.065641	0.079807	0.058459	0.031042	0.030906	0.065784	0.073092	0.034914	0.042087	0.062451	0.076305	0.054742	0.076484	0.085926	301853.0	301853.0
23	0.309028	0.181887	0.215118	0.293968	0.342667	0.138982	0.284367	0.232633	0.102547	0.061275	0.066880	0.078326	0.058442	0.031035	0.030432	0.061977	0.073026	0.035600	0.041914	0.064578	0.076941	0.054768	0.077405	0.084853	301853.0	301853.0
24	0.310956	0.182678	0.216632	0.289734	0.340639	0.142656	0.288892	0.228432	0.104382	0.061815	0.067377	0.077382	0.059012	0.031886	0.030959	0.060821	0.073771	0.036448	0.043362	0.063051	0.076819	0.053669	0.077190	0.082056	301853.0	301853.0
25	0.313984	0.183818	0.218888	0.283310	0.342309	0.145316	0.289127	0.225951	0.104594	0.062275	0.067374	0.079741	0.060765	0.031943	0.031668	0.059443	0.073426	0.037972	0.043733	0.063756	0.075904	0.052496	0.072840	0.082070	301853.0	301853.0
26	0.314690	0.184686	0.215615	0.285010	0.339198	0.149483	0.276317	0.230861	0.098598	0.064545	0.068497	0.083050	0.059337	0.032791	0.032509	0.060049	0.064873	0.039834	0.044349	0.066559	0.072886	0.053357	0.074102	0.084664	301853.0	301853.0
27	0.295694	0.190527	0.219458	0.294322	0.340063	0.151892	0.263827	0.245080	0.093353	0.061113	0.061626	0.079602	0.062209	0.035514	0.030177	0.062627	0.063773	0.041126	0.045075	0.069484	0.074752	0.054583	0.072631	0.092356	301853.0	301853.0
28	0.294087	0.192335	0.209509	0.304069	0.355368	0.143222	0.259901	0.251874	0.096199	0.057435	0.059552	0.080900	0.064150	0.035027	0.030449	0.062709	0.063660	0.037257	0.040490	0.068103	0.078707	0.054576	0.071223	0.099562	301853.0	301853.0
29	0.302717	0.184295	0.201714	0.311274	0.365565	0.139170	0.257745	0.254988	0.097408	0.059652	0.060579	0.085078	0.060718	0.034285	0.028991	0.060301	0.060954	0.037091	0.038804	0.064866	0.078959	0.056282	0.071912	0.104120	301853.0	301853.0
30	0.298039	0.187310	0.200286	0.314365	0.364810	0.140234	0.255876	0.257168	0.096719	0.057574	0.059883	0.083862	0.062087	0.034354	0.030134	0.060735	0.059665	0.036137	0.039609	0.064876	0.079993	0.057843	0.072293	0.104236	301853.0	301853.0
31	0.298463	0.185908	0.201919	0.313709	0.368173	0.139684	0.254170	0.256314	0.098528	0.057684	0.058247	0.084004	0.061795	0.034136	0.029014	0.060963	0.058164	0.037303	0.039231	0.067221	0.081629	0.057203	0.070866	0.104011	301853.0	301853.0
32	0.300116	0.186326	0.197358	0.316200	0.371452	0.138544	0.254833	0.258527	0.099154	0.056809	0.058784	0.085369	0.061682	0.034759	0.028829	0.061056	0.057760	0.035822	0.039135	0.064641	0.081348	0.057130	0.072141	0.105581	301853.0	301853.0
33	0.299944	0.184520	0.198888	0.316648	0.372509	0.137116	0.254236	0.257977	0.099022	0.056597	0.058697	0.085628	0.062577	0.034328	0.028070	0.059546	0.058181	0.036382	0.038337	0.065989	0.082252	0.058495	0.070292	0.105608	301853.0	301853.0
34	0.302031	0.185802	0.195396	0.316770	0.375845	0.138008	0.255820	0.260060	0.100854	0.056716	0.059469	0.084992	0.062226	0.035381	0.028467	0.059728	0.057306	0.035968	0.038191	0.063932	0.082245	0.057197	0.069574	0.107754	301853.0	301853.0
35	0.302631	0.185262	0.195701	0.316406	0.376836	0.136835	0.254627	0.257907	0.099784	0.057399	0.059615	0.085833	0.062408	0.034179	0.028401	0.060274	0.057286	0.036312	0.037942	0.064160	0.083928	0.056163	0.069024	0.107291	301853.0	301853.0
36	0.303406	0.184053	0.194982	0.317559	0.377999	0.138027	0.255353	0.258987	0.101424	0.056362	0.059413	0.086208	0.062587	0.034616	0.028315	0.058535	0.056445	0.037025	0.038072	0.063441	0.082179	0.057647	0.069544	0.108188	301853.0	301853.0
37	0.302634	0.185650	0.195343	0.316373	0.377402	0.137262	0.255263	0.259623	0.101072	0.055941	0.059711	0.085909	0.062610	0.034600	0.027904	0.060536	0.056193	0.036471	0.038287	0.064392	0.082646	0.056713	0.069239	0.107774	301853.0	301853.0
38	0.302521	0.183725	0.195141	0.318612	0.380596	0.136672	0.254786	0.261140	0.102063	0.055014	0.058313	0.087132	0.060794	0.034437	0.027719	0.060775	0.057024	0.037131	0.037386	0.063600	0.083216	0.057743	0.069468	0.108185	301853.0	301853.0
39	0.303098	0.184325	0.192885	0.319692	0.380477	0.136765	0.253001	0.261289	0.101026	0.055722	0.058757	0.087592	0.061759	0.034792	0.028564	0.059211	0.055766	0.035958	0.037452	0.063710	0.083206	0.058635	0.069199	0.108652	301853.0	301853.0
40	0.301756	0.185107	0.193972	0.319165	0.380705	0.136424	0.253501	0.262177	0.100688	0.055709	0.058711	0.086648	0.061951	0.035100	0.027550	0.060506	0.057031	0.036703	0.037071	0.063167	0.084283	0.057485	0.068311	0.109086	301853.0	301853.0
41	0.303953	0.184997	0.191643	0.319407	0.383733	0.135937	0.253345	0.259358	0.102507	0.055663	0.058273	0.087509	0.062133	0.034616	0.028819	0.059430	0.055514	0.035451	0.037051	0.063627	0.084385	0.055981	0.069709	0.109331	301853.0	301853.0
42	0.304539	0.181711	0.193853	0.319897	0.384710	0.135669	0.253160	0.257390	0.101308	0.055298	0.058615	0.089318	0.061334	0.034268	0.027894	0.058214	0.055852	0.036120	0.037386	0.064495	0.085757	0.056581	0.069232	0.108328	301853.0	301853.0
43	0.304251	0.182268	0.193127	0.320355	0.385853	0.135013	0.253862	0.259577	0.103150	0.055782	0.058270	0.087049	0.061656	0.034288	0.027593	0.058731	0.055110	0.035799	0.037333	0.064886	0.086105	0.057008	0.067692	0.109550	301853.0	301853.0
44	0.306020	0.182877	0.190888	0.320215	0.386244	0.134880	0.253782	0.257463	0.103077	0.055504	0.058737	0.088702	0.062193	0.033838	0.027855	0.058992	0.054447	0.035666	0.037522	0.063253	0.085982	0.056150	0.069600	0.108483	301853.0	301853.0
45	0.305698	0.181158	0.193713	0.319430	0.386125	0.135920	0.254094	0.257751	0.102663	0.055318	0.058890	0.088828	0.061288	0.034209	0.027341	0.058320	0.054758	0.036587	0.037783	0.064584	0.085687	0.056276	0.068520	0.108947	301853.0	301853.0
46	0.304397	0.182390	0.192534	0.320679	0.386788	0.135503	0.251099	0.258430	0.101417	0.055302	0.057687	0.089991	0.061175	0.034023	0.028517	0.058674	0.054984	0.035951	0.037011	0.064588	0.087095	0.057448	0.067851	0.108284	301853.0	301853.0
47	0.304671	0.182725	0.191067	0.321537	0.388176	0.134983	0.252795	0.259500	0.103067	0.055461	0.057773	0.088371	0.061063	0.034610	0.028100	0.058953	0.054705	0.035024	0.037250	0.064087	0.087172	0.056372	0.068427	0.109567	301853.0	301853.0
48	0.306007	0.181466	0.191550	0.320977	0.390594	0.134854	0.253491	0.258984	0.103083	0.054659	0.057839	0.090425	0.061467	0.034159	0.028279	0.057561	0.055375	0.035222	0.037194	0.063760	0.086731	0.056908	0.066983	0.110355	301853.0	301853.0
49	0.306656	0.180949	0.190295	0.322100	0.391426	0.133764	0.254472	0.256774	0.104011	0.055000	0.058512	0.089133	0.061659	0.034242	0.027583	0.057465	0.054642	0.034633	0.037306	0.063713	0.088652	0.055438	0.068381	0.109630	301853.0	301853.0
50	0.308965	0.179312	0.191782	0.319941	0.393244	0.132154	0.255979	0.258371	0.103878	0.055375	0.058843	0.090869	0.060755	0.033911	0.026370	0.058277	0.055925	0.034540	0.037333	0.063985	0.087324	0.055010	0.066433	0.111173	301853.0	301853.0
51	0.307882	0.178835	0.188979	0.324304	0.397859	0.132667	0.254912	0.259216	0.104564	0.054765	0.057485	0.091068	0.060645	0.034060	0.027202	0.056928	0.055679	0.034222	0.037184	0.061894	0.089560	0.055560	0.066516	0.112667	301853.0	301853.0
52	0.310449	0.178607	0.188386	0.322558	0.399075	0.132445	0.254286	0.259663	0.105379	0.055043	0.057634	0.092393	0.060427	0.034368	0.026387	0.057425	0.053977	0.034394	0.037296	0.062719	0.088083	0.054649	0.066605	0.113221	301853.0	301853.0
53	0.307865	0.178454	0.187923	0.325758	0.397647	0.132217	0.252825	0.260355	0.104047	0.055378	0.058035	0.090405	0.059976	0.034179	0.026765	0.057535	0.053765	0.034295	0.036978	0.062885	0.089898	0.055345	0.067218	0.113297	301853.0	301853.0
54	0.307686	0.179196	0.188996	0.324121	0.396365	0.134128	0.251868	0.260040	0.103381	0.055083	0.057193	0.092028	0.060142	0.034566	0.026930	0.057558	0.053987	0.035325	0.037306	0.062378	0.089153	0.056113	0.067053	0.111803	301853.0	301853.0
55	0.306663	0.181088	0.188482	0.323767	0.395199	0.133933	0.251911	0.259447	0.103113	0.055169	0.057140	0.091240	0.061891	0.034623	0.027543	0.057031	0.054407	0.034517	0.037250	0.062308	0.088997	0.055944	0.066976	0.111849	301853.0	301853.0
56	0.308408	0.180253	0.188910	0.322428	0.396302	0.132541	0.253342	0.259090	0.103941	0.055693	0.057296	0.091478	0.061934	0.034056	0.026347	0.057916	0.054821	0.034855	0.037283	0.061951	0.088387	0.054623	0.066923	0.112495	301853.0	301853.0
57	0.309084	0.179226	0.187850	0.323840	0.398379	0.132101	0.252355	0.261717	0.104034	0.055424	0.057508	0.092118	0.060847	0.034338	0.026715	0.057326	0.054338	0.034573	0.036475	0.062464	0.088421	0.056246	0.065366	0.113807	301853.0	301853.0
58	0.307640	0.180581	0.186064	0.325715	0.397568	0.131710	0.251745	0.260034	0.104216	0.054821	0.057750	0.090852	0.061593	0.034497	0.026894	0.057598	0.053821	0.034361	0.035958	0.061924	0.090554	0.055994	0.067221	0.111945	301853.0	301853.0
59	0.310184	0.179674	0.187823	0.322319	0.398293	0.131703	0.252580	0.258285	0.104352	0.055501	0.057392	0.092939	0.061242	0.034358	0.026529	0.057545	0.054344	0.034325	0.036491	0.062663	0.089944	0.055325	0.065992	0.111057	301853.0	301853.0
60	0.309883	0.179508	0.186405	0.324204	0.400150	0.131773	0.252730	0.259187	0.105582	0.054812	0.056952	0.092539	0.061013	0.034822	0.026377	0.057296	0.054096	0.034474	0.036100	0.061732	0.090293	0.055332	0.066844	0.111737	301853.0	301852.0
61	0.310984	0.179439	0.186273	0.323304	0.400590	0.131816	0.252044	0.259435	0.105403	0.055262	0.057207	0.093112	0.060854	0.034507	0.026569	0.057508	0.053689	0.034994	0.035746	0.061845	0.089541	0.054885	0.066344	0.112535	301852.0	301852.0
62	0.309486	0.179648	0.185866	0.325000	0.399454	0.130074	0.251789	0.261135	0.104518	0.054394	0.058045	0.092529	0.060493	0.034066	0.026414	0.058674	0.053626	0.033993	0.035600	0.062647	0.089057	0.055044	0.067550	0.113350	301852.0	301852.0
63	0.307694	0.177498	0.187608	0.327200	0.402128	0.131276	0.251852	0.259597	0.104644	0.054606	0.056644	0.091800	0.059678	0.034288	0.025946	0.057585	0.053861	0.034338	0.036703	0.062706	0.092260	0.054301	0.067215	0.113423	301852.0	301852.0
64	0.310444	0.177534	0.186509	0.325514	0.402479	0.129408	0.252468	0.259170	0.106029	0.054580	0.057154	0.092681	0.060881	0.033626	0.026503	0.056524	0.053818	0.033811	0.035468	0.063412	0.090932	0.056183	0.065562	0.112837	301852.0	301852.0
65	0.311659	0.178200	0.184687	0.325454	0.403280	0.129958	0.252167	0.258537	0.106178	0.055729	0.056899	0.092853	0.060391	0.034066	0.026549	0.057194	0.053414	0.033666	0.035676	0.061931	0.091793	0.054822	0.066384	0.112456	301852.0	301852.0
66	0.311775	0.178283	0.185508	0.324434	0.404659	0.130968	0.251921	0.259389	0.106459	0.054875	0.055703	0.094738	0.060944	0.034020	0.026642	0.056677	0.053831	0.034378	0.035928	0.061371	0.089786	0.055017	0.065956	0.113675	301852.0	301852.0
67	0.311020	0.178289	0.184229	0.326461	0.403867	0.129845	0.249142	0.259419	0.104992	0.055362	0.056345	0.094321	0.060367	0.034143	0.026675	0.057104	0.052658	0.033881	0.035146	0.062544	0.091349	0.054967	0.066940	0.113204	301852.0	301852.0
68	0.309367	0.178352	0.185107	0.327174	0.403635	0.131303	0.251173	0.259511	0.105211	0.054391	0.056584	0.093181	0.060632	0.034338	0.026546	0.056836	0.053019	0.034060	0.036359	0.061669	0.091800	0.054894	0.067036	0.113443	301852.0	301852.0
69	0.310662	0.177683	0.186525	0.325130	0.403135	0.130796	0.251372	0.258100	0.106035	0.054725	0.056505	0.093397	0.060377	0.034033	0.026682	0.056591	0.053586	0.034835	0.035246	0.062859	0.091313	0.055087	0.066340	0.112390	301852.0	301852.0
70	0.311312	0.178680	0.184773	0.325236	0.405599	0.129650	0.251193	0.258845	0.105399	0.054828	0.056302	0.094782	0.061543	0.033361	0.026258	0.057518	0.053821	0.034361	0.035670	0.060921	0.091800	0.054348	0.065469	0.113619	301852.0	301852.0
71	0.312564	0.176898	0.183699	0.326839	0.406749	0.128205	0.252534	0.258405	0.105813	0.055007	0.057459	0.094285	0.060825	0.032728	0.025930	0.057416	0.053351	0.033636	0.035912	0.060801	0.092751	0.054361	0.065827	0.113900	301852.0	301852.0
72	0.312739	0.175732	0.185127	0.326402	0.407809	0.128278	0.252375	0.258305	0.106148	0.054855	0.056799	0.094937	0.061285	0.033483	0.025406	0.055557	0.053881	0.033841	0.035547	0.061858	0.091336	0.053877	0.065800	0.115388	301852.0	301852.0
73	0.312650	0.176056	0.183554	0.327740	0.409916	0.126078	0.252355	0.260091	0.106758	0.054845	0.056726	0.094321	0.061046	0.032950	0.025539	0.056521	0.054199	0.032917	0.034673	0.061765	0.092694	0.054477	0.064426	0.116143	301852.0	301852.0
74	0.314697	0.175189	0.181364	0.328751	0.409356	0.125727	0.251580	0.258978	0.107082	0.055825	0.056607	0.095182	0.060364	0.033460	0.024986	0.056379	0.053632	0.033023	0.034259	0.060450	0.092761	0.054808	0.066851	0.114331	301852.0	301852.0
75	0.313839	0.177117	0.182702	0.326342	0.408495	0.127950	0.251358	0.260542	0.107506	0.055375	0.056478	0.094480	0.060185	0.034043	0.025956	0.056932	0.052870	0.033447	0.034504	0.061881	0.091843	0.054901	0.064932	0.114665	301852.0	301852.0
76	0.312405	0.177766	0.181871	0.327959	0.409035	0.128175	0.249576	0.261068	0.106350	0.054802	0.055829	0.095424	0.060165	0.033179	0.026294	0.058128	0.052132	0.033437	0.035266	0.061037	0.092433	0.054934	0.065764	0.114828	301852.0	301852.0
77	0.311080	0.176351	0.183153	0.329416	0.409237	0.127523	0.250709	0.260333	0.106297	0.053920	0.056127	0.094735	0.060122	0.033361	0.025685	0.057184	0.053119	0.033311	0.035166	0.061557	0.092698	0.054282	0.066930	0.115507	301852.0	301852.0
78	0.312236	0.174874	0.183908	0.328982	0.409005	0.125452	0.248433	0.260409	0.105204	0.055348	0.056269	0.095414	0.060109	0.032489	0.024751	0.057525	0.052612	0.033864	0.034348	0.063084	0.091969	0.053977	0.066619	0.116418	301852.0	301852.0
79	0.309894	0.175679	0.181987	0.332441	0.410512	0.125479	0.247615	0.264037	0.105442	0.054215	0.055918	0.094318	0.060692	0.032831	0.024519	0.057638	0.052238	0.034113	0.034017	0.061620	0.092893	0.055709	0.065979	0.117859	301852.0	301852.0
80	0.311265	0.176868	0.180433	0.331434	0.409717	0.124836	0.248416	0.260863	0.105148	0.054533	0.057525	0.094059	0.061782	0.032446	0.025672	0.056968	0.052168	0.033142	0.033576	0.061547	0.093430	0.054368	0.066556	0.117081	301852.0	301852.0
81	0.312527	0.174489	0.183328	0.329655	0.410913	0.125383	0.250875	0.258537	0.106509	0.054285	0.057293	0.094440	0.061152	0.032178	0.025026	0.056133	0.052840	0.033947	0.034232	0.062309	0.093324	0.053586	0.066105	0.116640	301852.0	301852.0
82	0.313826	0.173996	0.182656	0.329522	0.412729	0.125465	0.250580	0.257464	0.106814	0.054573	0.056528	0.095911	0.060609	0.032456	0.024794	0.056137	0.052072	0.033049	0.035166	0.062368	0.094500	0.053367	0.066152	0.115504	301852.0	301852.0
83	0.313995	0.173446	0.182639	0.329920	0.413309	0.126055	0.250563	0.259236	0.106943	0.054484	0.056882	0.095686	0.060072	0.032701	0.024797	0.055875	0.052062	0.033881	0.034676	0.062020	0.093933	0.053914	0.065327	0.116746	301852.0	301852.0
84	0.313011	0.174980	0.181682	0.330327	0.413842	0.125571	0.248880	0.261098	0.107294	0.054633	0.055375	0.095709	0.060718	0.032688	0.024886	0.056687	0.051472	0.033258	0.034739	0.062213	0.093576	0.054460	0.065029	0.117263	301852.0	301852.0
85	0.313061	0.175039	0.180029	0.331871	0.416115	0.124286	0.247568	0.261608	0.107145	0.054722	0.055130	0.096064	0.061245	0.032768	0.024290	0.056736	0.051568	0.033503	0.033725	0.061232	0.094699	0.053897	0.065068	0.118207	301852.0	301852.0
86	0.314658	0.174890	0.178213	0.332239	0.416764	0.123948	0.249765	0.261734	0.107636	0.054070	0.057041	0.095911	0.060321	0.033278	0.024545	0.056746	0.051886	0.032923	0.033202	0.060202	0.095047	0.053539	0.065482	0.118170	301852.0	301852.0
87	0.314889	0.173810	0.180270	0.331030	0.415856	0.124760	0.249828	0.259018	0.106801	0.054742	0.056269	0.097077	0.060907	0.032615	0.024409	0.055878	0.052158	0.033135	0.034600	0.060377	0.094894	0.053440	0.065612	0.117084	301852.0	301852.0
88	0.314760	0.173933	0.180890	0.330417	0.414584	0.123007	0.249838	0.258826	0.106963	0.054606	0.056518	0.096673	0.060662	0.032708	0.024201	0.056362	0.052963	0.032705	0.033394	0.061828	0.094921	0.053728	0.065741	0.116027	301852.0	301852.0
89	0.315509	0.173747	0.179853	0.330891	0.416055	0.122580	0.250580	0.259336	0.108318	0.054991	0.056379	0.095822	0.060811	0.032426	0.023846	0.056664	0.051996	0.032420	0.033887	0.061550	0.095166	0.053496	0.065479	0.116749	301852.0	301852.0
90	0.316291	0.173333	0.179591	0.330785	0.415392	0.122885	0.250427	0.259647	0.108063	0.055103	0.056614	0.096511	0.060102	0.032198	0.024386	0.056647	0.051999	0.032549	0.033752	0.061292	0.094477	0.054460	0.065506	0.116342	301852.0	301852.0
91	0.314641	0.174311	0.180257	0.330791	0.416611	0.123362	0.251835	0.260237	0.109752	0.054659	0.055183	0.095047	0.060338	0.032012	0.024969	0.056992	0.052363	0.031843	0.034537	0.061514	0.094755	0.054176	0.064803	0.117057	301852.0	301852.0
92	0.317208	0.172691	0.179492	0.330609	0.416969	0.123736	0.251037	0.258882	0.108576	0.055120	0.056654	0.096859	0.059360	0.032496	0.025175	0.055660	0.052095	0.032354	0.033712	0.061331	0.094752	0.053944	0.065131	0.116782	301852.0	301852.0
93	0.314783	0.173913	0.180671	0.330632	0.416943	0.124776	0.249947	0.260207	0.108192	0.054464	0.055772	0.096355	0.059890	0.032811	0.024439	0.056773	0.051681	0.033225	0.034302	0.061464	0.095318	0.053546	0.064691	0.117077	301852.0	301852.0
94	0.315082	0.174046	0.179204	0.331669	0.418622	0.123663	0.250245	0.262138	0.108427	0.053569	0.056047	0.097038	0.059821	0.032788	0.024509	0.056929	0.051979	0.032576	0.033791	0.060858	0.094997	0.054262	0.064250	0.118161	301852.0	301852.0
95	0.315224	0.173194	0.178597	0.332984	0.418089	0.122116	0.248506	0.261019	0.108663	0.055219	0.055468	0.095875	0.060818	0.032271	0.024810	0.055295	0.052218	0.032877	0.032158	0.061345	0.094162	0.054063	0.065370	0.119390	301852.0	301852.0
96	0.315860	0.174430	0.177806	0.331904	0.418576	0.122467	0.249059	0.261390	0.109898	0.054530	0.054480	0.096951	0.060434	0.032486	0.025035	0.056475	0.051787	0.032052	0.032894	0.061073	0.094324	0.055027	0.065151	0.117402	301852.0	301852.0
97	0.316443	0.174095	0.177561	0.331901	0.419563	0.121944	0.247913	0.260558	0.109988	0.054808	0.054345	0.097303	0.060672	0.032559	0.024237	0.056627	0.050876	0.032443	0.032705	0.061537	0.095093	0.054192	0.065436	0.117180	301852.0	301852.0
98	0.316629	0.174002	0.176722	0.332646	0.416575	0.122272	0.249467	0.261612	0.109285	0.054497	0.056779	0.096067	0.060281	0.032572	0.024628	0.056521	0.050578	0.032248	0.032824	0.061073	0.094092	0.055388	0.066036	0.117130	301852.0	301852.0
99	0.314237	0.174705	0.180267	0.330791	0.414965	0.122640	0.249646	0.260260	0.108401	0.055097	0.055355	0.095384	0.061176	0.031784	0.024734	0.057011	0.052132	0.032364	0.033758	0.062014	0.094493	0.054779	0.064833	0.116686	301852.0	301852.0
100	0.316201	0.174022	0.178680	0.331096	0.417145	0.123799	0.248804	0.260492	0.108855	0.055189	0.054951	0.097207	0.060026	0.031751	0.025350	0.056895	0.051442	0.033142	0.033556	0.060540	0.093589	0.054351	0.065661	0.117495	301852.0	301852.0
101	0.313912	0.174433	0.179518	0.332136	0.415883	0.123521	0.249023	0.258941	0.107904	0.054364	0.055544	0.096100	0.060043	0.031930	0.025300	0.057160	0.052387	0.033102	0.033188	0.060841	0.095862	0.053834	0.066423	0.116017	301852.0	301852.0
102	0.316195	0.173231	0.180456	0.330119	0.416091	0.122557	0.249901	0.257934	0.108089	0.055146	0.056107	0.096852	0.060331	0.031287	0.025135	0.056478	0.052519	0.032950	0.033185	0.061802	0.094132	0.053152	0.065817	0.117018	301852.0	301852.0
103	0.315072	0.172535	0.180244	0.332150	0.418215	0.122818	0.249344	0.257812	0.108315	0.054268	0.055388	0.097101	0.059609	0.031353	0.025469	0.056104	0.052264	0.032619	0.033377	0.061984	0.096146	0.053702	0.065648	0.116653	301852.0	301852.0
104	0.316334	0.171942	0.179883	0.331841	0.417761	0.122527	0.249622	0.258710	0.108229	0.055289	0.056508	0.096309	0.059400	0.032059	0.024910	0.055574	0.051989	0.032662	0.032897	0.062335	0.095881	0.053735	0.064883	0.117342	301852.0	301852.0
105	0.315499	0.173744	0.179197	0.331560	0.417986	0.122202	0.249844	0.258686	0.108460	0.054192	0.055895	0.096951	0.060828	0.032393	0.024446	0.056077	0.052433	0.032307	0.033056	0.061401	0.095818	0.053460	0.065525	0.116756	301852.0	301852.0
106	0.317540	0.172353	0.178922	0.331185	0.420411	0.121676	0.250610	0.259104	0.109835	0.055037	0.055335	0.097332	0.059407	0.031555	0.024495	0.056895	0.052274	0.032460	0.033165	0.061023	0.096378	0.053788	0.064154	0.116865	301852.0	301852.0
107	0.317894	0.172840	0.177150	0.332116	0.420590	0.121825	0.250414	0.259170	0.109530	0.054441	0.056230	0.097694	0.059698	0.032069	0.024843	0.056230	0.051757	0.032016	0.032897	0.060480	0.096084	0.053589	0.065161	0.117283	301852.0	301852.0
108	0.317069	0.172114	0.179131	0.331686	0.419152	0.122288	0.249646	0.258488	0.108732	0.055067	0.055365	0.097906	0.059125	0.032155	0.024376	0.056458	0.052194	0.032403	0.033354	0.061179	0.095646	0.053006	0.066165	0.116869	301852.0	301852.0
109	0.315698	0.172631	0.179260	0.332411	0.420468	0.121954	0.249304	0.258700	0.109289	0.054507	0.054401	0.097501	0.059890	0.031638	0.024953	0.056150	0.052403	0.032152	0.033212	0.061494	0.096040	0.053274	0.065459	0.117637	301852.0	301852.0
110	0.317623	0.171571	0.178024	0.332782	0.421505	0.121934	0.250431	0.257719	0.109209	0.054848	0.055391	0.098174	0.059708	0.031578	0.024363	0.055921	0.051757	0.031920	0.034073	0.060275	0.096912	0.053009	0.065651	0.117210	301852.0	301852.0
111	0.317586	0.171355	0.179479	0.331580	0.422061	0.121795	0.249718	0.259018	0.109097	0.054878	0.054719	0.098893	0.058718	0.031708	0.024181	0.056750	0.052314	0.032317	0.033589	0.061258	0.096246	0.052734	0.064773	0.117826	301852.0	301852.0
112	0.316374	0.171637	0.177262	0.334727	0.422098	0.121732	0.248191	0.260870	0.108172	0.055063	0.055047	0.098091	0.058913	0.031598	0.024273	0.056852	0.051161	0.032049	0.033811	0.060241	0.096865	0.053450	0.065443	0.118969	301852.0	301852.0
113	0.315111	0.172161	0.178574	0.334154	0.419003	0.121811	0.249384	0.260296	0.107616	0.054938	0.055928	0.096630	0.059665	0.031926	0.023777	0.056793	0.051502	0.031771	0.034338	0.060964	0.096219	0.053039	0.066357	0.118538	301852.0	301852.0
114	0.315002	0.171674	0.180400	0.332925	0.419126	0.120764	0.251603	0.259939	0.108619	0.054643	0.055872	0.095868	0.059748	0.031638	0.023531	0.056756	0.053155	0.031638	0.033957	0.061649	0.095842	0.052748	0.065539	0.118797	301852.0	301852.0
115	0.317364	0.170666	0.178899	0.333071	0.421627	0.122017	0.251375	0.258613	0.110044	0.054623	0.055537	0.097160	0.060145	0.031943	0.023273	0.055305	0.051625	0.032632	0.034169	0.060473	0.096418	0.053361	0.065287	0.118005	301852.0	301852.0
116	0.318232	0.172558	0.178266	0.330944	0.420922	0.122229	0.252173	0.258574	0.109752	0.054119	0.056730	0.097631	0.059940	0.032267	0.024211	0.056140	0.052085	0.032145	0.033606	0.060430	0.096100	0.052728	0.064677	0.117438	301852.0	301852.0
117	0.317878	0.171259	0.179224	0.331639	0.420941	0.122063	0.252140	0.257265	0.111495	0.054759	0.054166	0.097458	0.060026	0.031747	0.024134	0.055352	0.052506	0.032208	0.033974	0.060536	0.095765	0.053944	0.065708	0.116223	301852.0	301852.0
118	0.319792	0.172657	0.177981	0.329569	0.420643	0.120314	0.253230	0.258054	0.111058	0.055166	0.056163	0.097405	0.060424	0.031926	0.024585	0.055723	0.052847	0.030641	0.033162	0.061331	0.094815	0.053039	0.064349	0.117365	301852.0	301852.0
119	0.319143	0.170772	0.178260	0.331825	0.423694	0.120990	0.251918	0.257050	0.111001	0.054646	0.055756	0.097740	0.060023	0.031641	0.024061	0.055047	0.051972	0.032099	0.033188	0.061000	0.096663	0.052072	0.064800	0.118290	301852.0	301852.0
120	0.319660	0.170458	0.177806	0.332077	0.423221	0.120983	0.252700	0.256275	0.111015	0.054335	0.056302	0.098008	0.060685	0.031804	0.023803	0.054166	0.051956	0.031949	0.033427	0.060473	0.096796	0.052903	0.064976	0.117402	301852.0	301852.0
121	0.320452	0.170991	0.178508	0.330049	0.422323	0.120907	0.252061	0.257457	0.110601	0.054311	0.056051	0.099489	0.061056	0.031310	0.023836	0.054788	0.051926	0.032277	0.033483	0.060821	0.094775	0.053901	0.063915	0.117458	301852.0	301852.0
122	0.318358	0.171799	0.177286	0.332557	0.421833	0.120692	0.250106	0.259197	0.109338	0.054053	0.056253	0.098714	0.060255	0.031761	0.023826	0.055958	0.051244	0.031833	0.033271	0.060937	0.096372	0.054070	0.064707	0.117409	301852.0	301852.0
123	0.317208	0.171717	0.178057	0.333018	0.422959	0.121341	0.249433	0.258156	0.109451	0.054166	0.055014	0.098578	0.060921	0.032496	0.023505	0.054795	0.051539	0.031910	0.033430	0.061179	0.097054	0.052990	0.065098	0.117876	301852.0	301852.0
124	0.318964	0.171561	0.177047	0.332428	0.422883	0.121391	0.249390	0.258494	0.109265	0.054725	0.055769	0.099204	0.060573	0.031850	0.023949	0.055189	0.051042	0.032277	0.033314	0.060414	0.095775	0.052817	0.065198	0.118638	301852.0	301852.0
125	0.316655	0.171670	0.178230	0.333445	0.422210	0.120725	0.250169	0.257043	0.109444	0.054547	0.055597	0.097067	0.061000	0.031297	0.024449	0.054924	0.052138	0.031989	0.032990	0.061113	0.096296	0.051419	0.066327	0.119403	301852.0	301852.0
126	0.318878	0.169252	0.179363	0.332507	0.424311	0.120268	0.250364	0.256993	0.109044	0.054374	0.055428	0.100032	0.059831	0.031446	0.023515	0.054460	0.052711	0.032125	0.033182	0.061345	0.096633	0.052486	0.064787	0.118601	301852.0	301852.0
127	0.318219	0.170431	0.176911	0.334439	0.424234	0.120417	0.250358	0.258365	0.110027	0.054742	0.055733	0.097717	0.059460	0.031459	0.023985	0.055527	0.051297	0.031671	0.033301	0.060642	0.097737	0.052625	0.065323	0.118754	301852.0	301852.0
128	0.318520	0.170497	0.178342	0.332640	0.423641	0.120407	0.251647	0.257066	0.110541	0.055842	0.054898	0.097240	0.060795	0.031121	0.024164	0.054417	0.052317	0.031231	0.033891	0.060904	0.096574	0.052241	0.064538	0.119287	301852.0	301852.0
129	0.320226	0.170435	0.177491	0.331848	0.424880	0.119360	0.251289	0.256848	0.111217	0.054361	0.055431	0.099217	0.060341	0.031058	0.023661	0.055375	0.051502	0.031502	0.033139	0.061348	0.096551	0.052519	0.064883	0.117896	301852.0	301852.0
130	0.319610	0.169441	0.177113	0.333836	0.426255	0.119350	0.250527	0.257255	0.110816	0.055782	0.054407	0.098605	0.060222	0.031297	0.023498	0.054424	0.051996	0.031247	0.033308	0.060563	0.097597	0.052297	0.064704	0.119237	301852.0	301852.0
131	0.320631	0.170623	0.175917	0.332829	0.425622	0.117942	0.251809	0.257494	0.111916	0.054229	0.056057	0.098429	0.060556	0.030949	0.023429	0.055690	0.051426	0.031154	0.032410	0.060927	0.097038	0.052615	0.064936	0.118240	301852.0	301852.0
132	0.320935	0.168947	0.176832	0.333286	0.426580	0.118773	0.250520	0.256513	0.111293	0.054964	0.055080	0.099598	0.060675	0.030969	0.023561	0.053742	0.051399	0.031496	0.032748	0.061189	0.095961	0.052075	0.065522	0.119728	301852.0	301852.0
133	0.319329	0.169504	0.176911	0.334257	0.426603	0.119774	0.250682	0.257351	0.111303	0.054345	0.054971	0.098711	0.058933	0.031118	0.024075	0.055378	0.051071	0.031244	0.033338	0.061258	0.097969	0.052234	0.065433	0.118621	301852.0	301852.0
134	0.319276	0.168940	0.177816	0.333968	0.428356	0.118923	0.250401	0.257259	0.110892	0.054318	0.054626	0.099439	0.059758	0.030449	0.023515	0.055219	0.051532	0.031608	0.033351	0.061325	0.097594	0.051161	0.064783	0.120430	301852.0	301852.0
135	0.319776	0.167536	0.176275	0.336413	0.427879	0.119088	0.250378	0.258514	0.110445	0.054725	0.055491	0.099115	0.058761	0.030293	0.023700	0.054782	0.050992	0.031645	0.033450	0.060188	0.097097	0.052218	0.065877	0.121222	301852.0	301852.0
136	0.317295	0.168881	0.178518	0.335307	0.428309	0.120612	0.250931	0.258501	0.110210	0.053149	0.054623	0.099314	0.059045	0.030379	0.023836	0.055620	0.052049	0.032347	0.034050	0.060072	0.098446	0.052161	0.064359	0.120340	301852.0	301852.0
137	0.319749	0.168036	0.176868	0.335346	0.428216	0.118277	0.251020	0.256503	0.112277	0.053924	0.055431	0.098118	0.059079	0.030369	0.023127	0.055461	0.050743	0.032211	0.032569	0.061345	0.099731	0.052582	0.064942	0.118091	301852.0	301852.0
138	0.321830	0.169086	0.176070	0.333014	0.427594	0.118561	0.250994	0.258007	0.111346	0.055057	0.055666	0.099761	0.059082	0.031045	0.023382	0.055577	0.051287	0.031439	0.032695	0.060649	0.097657	0.052556	0.063972	0.118830	301852.0	301852.0
139	0.319372	0.170097	0.175715	0.334816	0.427517	0.119608	0.250391	0.259100	0.111237	0.054126	0.055040	0.098969	0.060682	0.031499	0.023230	0.054686	0.051237	0.032002	0.032877	0.059599	0.097382	0.052986	0.064518	0.119930	301852.0	301852.0
140	0.320538	0.170613	0.175666	0.333183	0.425997	0.119257	0.250388	0.258057	0.111001	0.054828	0.055752	0.098956	0.060612	0.031009	0.023492	0.055501	0.050747	0.031870	0.032887	0.060162	0.097114	0.052622	0.064522	0.118926	301852.0	301852.0
141	0.319474	0.170329	0.176653	0.333544	0.424436	0.119615	0.251203	0.258945	0.110551	0.055209	0.055862	0.097853	0.060321	0.030604	0.024058	0.055345	0.051287	0.031449	0.033503	0.060414	0.095954	0.052917	0.064595	0.120079	301852.0	301852.0
142	0.318113	0.170179	0.178018	0.333690	0.425619	0.119781	0.251020	0.257215	0.110813	0.053685	0.054649	0.098966	0.060781	0.030813	0.023750	0.054835	0.052165	0.031824	0.033394	0.060636	0.096633	0.052360	0.065489	0.119207	301852.0	301852.0
143	0.320392	0.168682	0.177282	0.333644	0.427875	0.118793	0.251753	0.257749	0.112227	0.054590	0.055014	0.098562	0.059943	0.030836	0.022836	0.055067	0.050859	0.031469	0.033652	0.061302	0.097236	0.051996	0.064561	0.119850	301852.0	301852.0
144	0.320266	0.168891	0.176063	0.334780	0.430065	0.118836	0.252124	0.258435	0.112539	0.053940	0.054808	0.098979	0.059801	0.031015	0.023329	0.054745	0.051671	0.031386	0.033106	0.059900	0.098018	0.052145	0.064088	0.120529	301852.0	301852.0
145	0.322029	0.168487	0.175331	0.334154	0.430204	0.119009	0.252644	0.257633	0.112668	0.054772	0.054928	0.099661	0.058989	0.030641	0.024018	0.054838	0.051817	0.031118	0.033232	0.059165	0.097892	0.052171	0.064108	0.119983	301852.0	301852.0
146	0.321366	0.168702	0.176285	0.333647	0.429459	0.118422	0.251627	0.257881	0.111392	0.054504	0.055560	0.099910	0.059569	0.031108	0.023177	0.054848	0.051817	0.031280	0.032857	0.060331	0.098210	0.051979	0.063511	0.119946	301852.0	301852.0
147	0.320988	0.168871	0.175106	0.335035	0.428690	0.117783	0.253320	0.258872	0.112863	0.054407	0.055328	0.098389	0.060420	0.030260	0.023482	0.054709	0.051734	0.030647	0.033394	0.059330	0.096945	0.053410	0.064187	0.120493	301852.0	301852.0
148	0.321962	0.168725	0.176391	0.332921	0.427464	0.117889	0.251186	0.257305	0.111780	0.054848	0.055166	0.100168	0.060000	0.030727	0.022779	0.055219	0.051403	0.031545	0.032837	0.060606	0.096597	0.052440	0.064966	0.118919	301852.0	301852.0
149	0.319779	0.169560	0.175748	0.334912	0.428482	0.118664	0.251613	0.258365	0.111810	0.053530	0.055534	0.098906	0.060361	0.030797	0.023647	0.054755	0.051539	0.031489	0.032731	0.059990	0.097975	0.053023	0.064124	0.119790	301852.0	301852.0
150	0.321684	0.168838	0.176037	0.333442	0.427431	0.118879	0.252193	0.258183	0.112310	0.054106	0.055504	0.099764	0.059413	0.030972	0.023800	0.054653	0.051522	0.031250	0.032857	0.060407	0.095832	0.053033	0.065052	0.119525	301852.0	301852.0
151	0.319077	0.169361	0.177213	0.334349	0.425636	0.118641	0.249980	0.258507	0.110233	0.055203	0.055229	0.098412	0.060354	0.030740	0.023518	0.054749	0.051393	0.031257	0.033126	0.061437	0.096832	0.052860	0.064498	0.120158	301852.0	301852.0
152	0.318812	0.170060	0.176371	0.334757	0.427564	0.118995	0.251262	0.258385	0.111257	0.053705	0.054845	0.099005	0.060467	0.030697	0.023657	0.055239	0.051721	0.031201	0.033440	0.060010	0.096998	0.052145	0.065310	0.120304	301852.0	301852.0
153	0.320442	0.167748	0.177252	0.334558	0.428429	0.118992	0.251537	0.257822	0.111614	0.054444	0.055391	0.098992	0.059191	0.030787	0.023508	0.054262	0.051857	0.032022	0.032675	0.060699	0.097319	0.052271	0.064465	0.120503	301852.0	301852.0
154	0.319981	0.169523	0.176040	0.334455	0.429065	0.118777	0.250911	0.259491	0.111873	0.053775	0.055090	0.099244	0.060092	0.031058	0.023353	0.055020	0.051111	0.031529	0.032837	0.060563	0.096822	0.052287	0.064220	0.121126	301852.0	301852.0
155	0.319898	0.168649	0.175500	0.335953	0.428862	0.118429	0.251160	0.260323	0.111813	0.054182	0.055348	0.098555	0.059466	0.031019	0.023326	0.054838	0.051025	0.031111	0.032973	0.060391	0.097379	0.053351	0.064108	0.121116	301852.0	301852.0
156	0.319683	0.169663	0.175755	0.334899	0.427696	0.118797	0.248516	0.258676	0.110680	0.055650	0.054268	0.099085	0.060725	0.030432	0.023432	0.055073	0.050680	0.032046	0.032887	0.060142	0.097925	0.053165	0.063803	0.120006	301852.0	301852.0
157	0.320011	0.171293	0.174390	0.334306	0.428120	0.118565	0.248244	0.260323	0.110856	0.054646	0.054573	0.099936	0.060649	0.030979	0.023495	0.056170	0.050488	0.031764	0.032327	0.059811	0.096415	0.052261	0.064717	0.120914	301852.0	301852.0
158	0.318408	0.169649	0.175112	0.336831	0.428233	0.117243	0.248188	0.259730	0.111025	0.055431	0.053735	0.098217	0.060904	0.031154	0.022789	0.054802	0.050820	0.030691	0.032609	0.060993	0.097299	0.052082	0.065757	0.121692	301852.0	301852.0
159	0.320048	0.169358	0.174890	0.335704	0.427246	0.118853	0.251617	0.259117	0.110922	0.054093	0.056186	0.098846	0.059827	0.031144	0.023830	0.054557	0.051469	0.030840	0.033039	0.059542	0.097111	0.053049	0.065178	0.120367	301852.0	301852.0
160	0.319329	0.169126	0.178233	0.333312	0.426805	0.118889	0.252203	0.258816	0.111207	0.054457	0.055623	0.098041	0.059665	0.030641	0.023415	0.055405	0.052363	0.031824	0.033010	0.061037	0.096647	0.051860	0.063896	0.120910	301852.0	301852.0
161	0.319881	0.168781	0.175943	0.335395	0.428083	0.118263	0.251613	0.259577	0.111114	0.054146	0.056531	0.098091	0.058969	0.030700	0.023270	0.055842	0.051061	0.031386	0.032907	0.060589	0.098038	0.052194	0.064323	0.120840	301853.0	301853.0
162	0.319182	0.168426	0.177030	0.335362	0.428791	0.117557	0.252693	0.259123	0.112015	0.054063	0.055792	0.097312	0.059907	0.030346	0.022938	0.055235	0.051787	0.031174	0.033099	0.060970	0.097571	0.051648	0.064250	0.121894	301853.0	301853.0
163	0.321279	0.167230	0.176079	0.335412	0.430256	0.117683	0.251652	0.258053	0.112436	0.054778	0.054735	0.099330	0.059171	0.030263	0.023028	0.054768	0.051588	0.031499	0.032893	0.060099	0.098091	0.052622	0.064300	0.120400	301853.0	301853.0
164	0.321286	0.169162	0.174956	0.334597	0.427450	0.117242	0.250794	0.258155	0.110683	0.054709	0.056070	0.099823	0.059638	0.030631	0.023240	0.055653	0.051668	0.030999	0.032373	0.059917	0.097938	0.052867	0.064787	0.119005	301853.0	301853.0
165	0.319927	0.169205	0.176470	0.334398	0.428102	0.118120	0.250864	0.258414	0.111465	0.054619	0.054215	0.099628	0.059436	0.030502	0.023697	0.055570	0.051952	0.030690	0.033231	0.060596	0.097408	0.052741	0.064647	0.119601	301853.0	301853.0
166	0.320262	0.168552	0.175791	0.335395	0.429481	0.117352	0.248985	0.256777	0.111551	0.054656	0.054384	0.099671	0.060089	0.029998	0.023379	0.055086	0.050604	0.031529	0.032446	0.061212	0.098276	0.051711	0.065426	0.119982	301853.0	301853.0
167	0.320520	0.167893	0.175635	0.335952	0.430355	0.116865	0.251656	0.258358	0.112505	0.054086	0.054977	0.098952	0.059343	0.030429	0.023071	0.055050	0.051740	0.030932	0.032433	0.060529	0.097945	0.051926	0.065128	0.120953	301853.0	301853.0
168	0.321534	0.167373	0.175609	0.335484	0.430657	0.117895	0.251407	0.259341	0.112127	0.054775	0.055010	0.099621	0.058595	0.030492	0.022938	0.055348	0.051465	0.031661	0.032804	0.059678	0.097640	0.052234	0.064343	0.121268	301853.0	301853.0
169	0.319828	0.169162	0.175095	0.335915	0.430951	0.117362	0.249890	0.258695	0.112356	0.054295	0.054209	0.098969	0.060755	0.030190	0.023024	0.055192	0.051035	0.031857	0.032291	0.059913	0.098538	0.052224	0.064064	0.121089	301853.0	301853.0
170	0.322684	0.168565	0.173588	0.335163	0.431107	0.116209	0.251222	0.257788	0.112296	0.055053	0.055795	0.099539	0.059837	0.030727	0.022998	0.055004	0.051121	0.030475	0.032009	0.059983	0.099220	0.052005	0.063885	0.120052	301853.0	301853.0
171	0.322475	0.168261	0.174688	0.334577	0.430262	0.116944	0.252378	0.257085	0.113168	0.054295	0.055189	0.099823	0.059678	0.030555	0.023084	0.054944	0.051923	0.031207	0.032098	0.059459	0.098230	0.052545	0.064760	0.119041	301853.0	301853.0
172	0.322998	0.168602	0.175132	0.333268	0.430584	0.117773	0.251914	0.257536	0.112879	0.054073	0.055693	0.100353	0.059575	0.031257	0.022875	0.054894	0.051174	0.031472	0.032168	0.060317	0.097905	0.051939	0.063978	0.119446	301853.0	301853.0
173	0.321534	0.168741	0.174714	0.335011	0.431747	0.118326	0.252047	0.258020	0.113366	0.054056	0.054821	0.099290	0.059930	0.030690	0.023803	0.054318	0.051055	0.031028	0.032804	0.059827	0.097981	0.051903	0.064018	0.121109	301853.0	301853.0
174	0.322332	0.167678	0.175446	0.334544	0.429772	0.116507	0.253060	0.258043	0.113817	0.054845	0.054908	0.098763	0.059456	0.030806	0.022435	0.054980	0.051830	0.030760	0.032506	0.060351	0.096964	0.052029	0.065323	0.120227	301853.0	301853.0
175	0.322067	0.168440	0.175171	0.334322	0.430087	0.115762	0.251493	0.258652	0.112604	0.053645	0.055742	0.100075	0.060029	0.030618	0.022766	0.055027	0.051234	0.030465	0.031913	0.061560	0.097653	0.053254	0.063660	0.119754	301853.0	301853.0
176	0.321521	0.167982	0.174081	0.336415	0.432412	0.115351	0.250960	0.258878	0.113429	0.053417	0.055020	0.099654	0.059966	0.030396	0.022405	0.055216	0.051131	0.031171	0.031380	0.060400	0.098687	0.052625	0.064462	0.120642	301853.0	301853.0
177	0.323214	0.167608	0.173266	0.335912	0.434072	0.116007	0.251424	0.258407	0.114493	0.053831	0.054623	0.100267	0.059221	0.030856	0.023366	0.054165	0.051535	0.031012	0.030773	0.059946	0.098319	0.052393	0.064207	0.120993	301853.0	301853.0
178	0.323568	0.168092	0.172968	0.335372	0.433496	0.116076	0.252500	0.258155	0.114649	0.053728	0.054921	0.100271	0.060228	0.030863	0.022524	0.054477	0.051065	0.030823	0.031867	0.059214	0.098392	0.052632	0.064164	0.120184	301853.0	301853.0
179	0.324333	0.168045	0.173475	0.334146	0.431207	0.115632	0.251483	0.256516	0.113983	0.055361	0.054517	0.100473	0.060520	0.030031	0.022918	0.054576	0.050750	0.030449	0.032234	0.060042	0.096984	0.052141	0.065254	0.119767	301853.0	301853.0
180	0.322236	0.167982	0.174923	0.334858	0.429991	0.116994	0.252712	0.258265	0.112704	0.054593	0.055540	0.099399	0.059787	0.030790	0.022819	0.054586	0.051740	0.030657	0.032728	0.059797	0.097024	0.052025	0.064946	0.120863	301853.0	301853.0
181	0.321256	0.168065	0.176033	0.334646	0.430451	0.117233	0.250198	0.258560	0.112575	0.055199	0.053900	0.099582	0.059595	0.030879	0.022736	0.054855	0.051247	0.031141	0.032476	0.061169	0.097677	0.052208	0.064144	0.120618	301853.0	301853.0
182	0.321093	0.169427	0.173257	0.336223	0.430319	0.116527	0.250178	0.257652	0.113214	0.054457	0.054941	0.098482	0.061182	0.030975	0.023097	0.054172	0.050203	0.030634	0.031820	0.060599	0.098594	0.052476	0.065124	0.120029	301853.0	301853.0
183	0.323194	0.168542	0.174983	0.333281	0.430918	0.116361	0.252954	0.256999	0.113350	0.054215	0.054898	0.100731	0.060725	0.030783	0.023061	0.053973	0.052367	0.030177	0.032340	0.060099	0.096269	0.051674	0.064770	0.120569	301853.0	301853.0
184	0.322710	0.166849	0.175069	0.335372	0.432992	0.116381	0.251967	0.256396	0.114112	0.054901	0.053970	0.099727	0.060109	0.030700	0.022663	0.053377	0.052280	0.031413	0.031605	0.059771	0.099118	0.052284	0.063935	0.120035	301853.0	301853.0
185	0.325619	0.169298	0.172173	0.332910	0.432048	0.115984	0.253673	0.258371	0.115030	0.054417	0.056057	0.100115	0.060516	0.031751	0.021984	0.055047	0.050916	0.030578	0.031671	0.059009	0.097518	0.052188	0.063819	0.119386	301853.0	301853.0
186	0.323979	0.168933	0.173531	0.333556	0.432346	0.116752	0.251106	0.259073	0.113860	0.055123	0.054662	0.100334	0.059436	0.031764	0.023286	0.054447	0.051369	0.030488	0.031214	0.060460	0.097614	0.052323	0.063080	0.120539	301853.0	301853.0
187	0.322279	0.169698	0.172243	0.335779	0.430938	0.115569	0.249880	0.258102	0.111680	0.054126	0.055580	0.100893	0.060857	0.031207	0.022667	0.054967	0.051177	0.030253	0.031442	0.059370	0.098455	0.052019	0.065396	0.119909	301853.0	301853.0
188	0.322170	0.167605	0.175085	0.335140	0.430451	0.116567	0.251377	0.258530	0.112399	0.055358	0.054811	0.099601	0.059741	0.031264	0.022501	0.054099	0.052251	0.030886	0.031916	0.060033	0.097282	0.051999	0.064690	0.121168	301853.0	301853.0
189	0.321673	0.169506	0.173919	0.334901	0.430882	0.116590	0.250370	0.258146	0.111982	0.054802	0.055063	0.099827	0.060682	0.030720	0.023054	0.055050	0.051479	0.030969	0.031847	0.059625	0.098240	0.051542	0.064286	0.120834	301853.0	301853.0
190	0.322382	0.168032	0.174250	0.335335	0.430789	0.116129	0.251483	0.257486	0.112707	0.054626	0.055259	0.099790	0.059940	0.030661	0.022359	0.055073	0.051601	0.031194	0.031916	0.059539	0.098664	0.052125	0.064919	0.119628	301853.0	301853.0
191	0.322912	0.168605	0.174452	0.334030	0.430103	0.117262	0.252908	0.256873	0.112843	0.054288	0.056156	0.099625	0.059900	0.031144	0.022514	0.055047	0.051353	0.031048	0.032556	0.059496	0.098561	0.051608	0.064787	0.119075	301853.0	301853.0
192	0.322657	0.168088	0.176013	0.333242	0.428927	0.116938	0.253438	0.256850	0.112757	0.054361	0.055822	0.099717	0.060357	0.030853	0.022176	0.054702	0.052767	0.031817	0.032092	0.059337	0.097514	0.052357	0.064432	0.118939	301853.0	301853.0
193	0.323396	0.169387	0.174522	0.332695	0.429110	0.116421	0.251374	0.257397	0.111760	0.054016	0.055805	0.101814	0.060904	0.031423	0.022564	0.054497	0.051810	0.030435	0.031999	0.060278	0.096491	0.052433	0.064727	0.119045	301853.0	301853.0
194	0.320964	0.168307	0.175095	0.335634	0.429587	0.118571	0.251467	0.258162	0.111793	0.054354	0.055395	0.099423	0.059241	0.031353	0.022749	0.054964	0.051505	0.031694	0.032774	0.059121	0.098820	0.052294	0.064969	0.119552	301853.0	301853.0
195	0.321358	0.169695	0.175887	0.333059	0.428000	0.117491	0.251632	0.257112	0.112137	0.054073	0.055703	0.099446	0.060324	0.031055	0.023326	0.054990	0.052251	0.031568	0.031542	0.060526	0.097451	0.052102	0.064541	0.118965	301853.0	301853.0
196	0.322163	0.168797	0.175112	0.333927	0.429951	0.118081	0.251291	0.257195	0.112445	0.054202	0.056491	0.099025	0.060467	0.030654	0.023236	0.054440	0.050491	0.032327	0.031863	0.060430	0.098121	0.051740	0.063707	0.120360	301853.0	301853.0
197	0.321524	0.168923	0.175297	0.334255	0.428152	0.117958	0.251980	0.257990	0.112528	0.055669	0.055371	0.097955	0.059824	0.031664	0.022574	0.054861	0.051628	0.031267	0.032453	0.059950	0.098246	0.052042	0.064545	0.119422	301853.0	301853.0
198	0.322226	0.170643	0.174943	0.332188	0.427473	0.118925	0.252895	0.256767	0.112883	0.054835	0.055703	0.098806	0.060808	0.031747	0.023482	0.054606	0.051552	0.030939	0.032758	0.059695	0.097577	0.052208	0.064197	0.118207	301853.0	301853.0
199	0.322819	0.169728	0.176139	0.331314	0.430156	0.118654	0.252378	0.256747	0.113559	0.055375	0.054931	0.098955	0.060652	0.030992	0.023028	0.055057	0.051230	0.031976	0.032658	0.060274	0.098011	0.051068	0.062603	0.119631	301853.0	301853.0
