Offset	A	C	G	T	A/T	C/G	A/G	C/T	AA	AC	AG	AT	CA	CC	CG	CT	GA	GC	GG	GT	TA	TC	TG	TT	N	NN
-50	0.355474	0.069440	0.114158	0.460929	0.536897	0.069901	0.377573	0.090478	0.092156	0.019684	0.211372	0.032261	0.028049	0.010205	0.010007	0.021179	0.041746	0.017391	0.032298	0.022723	0.376066	0.022680	0.025769	0.036414	2277507.0	2277507.0
-49	0.538017	0.069960	0.279446	0.112577	0.175851	0.248733	0.669282	0.097150	0.048290	0.031286	0.400564	0.057877	0.026978	0.010950	0.009201	0.022831	0.021462	0.029617	0.198966	0.029401	0.025747	0.019431	0.023461	0.043938	2277507.0	2277507.0
-48	0.122476	0.091284	0.632193	0.154047	0.165712	0.587679	0.100897	0.100576	0.038686	0.021511	0.027797	0.034483	0.047710	0.016228	0.010717	0.016630	0.017191	0.543512	0.017223	0.054266	0.054835	0.030010	0.031494	0.037709	2277507.0	2277507.0
-47	0.158421	0.611260	0.087230	0.143088	0.192429	0.399961	0.107935	0.430445	0.034553	0.039076	0.021565	0.063227	0.227732	0.352420	0.010993	0.020115	0.030721	0.015452	0.021096	0.019961	0.058687	0.021949	0.026491	0.035961	2277507.0	2277507.0
-46	0.351694	0.428897	0.080144	0.139265	0.344317	0.060924	0.158755	0.462158	0.050706	0.022932	0.065775	0.212281	0.031205	0.015603	0.009480	0.372610	0.021729	0.015297	0.020545	0.022574	0.044389	0.037005	0.020929	0.036941	2277507.0	2277507.0
-45	0.148029	0.090836	0.116730	0.644406	0.679482	0.080391	0.172813	0.448446	0.052393	0.019017	0.047534	0.029084	0.017990	0.011423	0.030194	0.031228	0.047872	0.013760	0.025013	0.030085	0.217292	0.025081	0.021319	0.380714	2277507.0	2277507.0
-44	0.335547	0.069282	0.124061	0.471110	0.135831	0.073175	0.317639	0.106296	0.034249	0.056166	0.215295	0.029837	0.019128	0.014038	0.014576	0.021541	0.044943	0.021409	0.023152	0.034557	0.030517	0.029489	0.369875	0.041228	2277507.0	2277507.0
-43	0.128836	0.121102	0.622899	0.127163	0.149806	0.409593	0.104330	0.147979	0.039347	0.041682	0.017494	0.030313	0.033184	0.017602	0.009775	0.060542	0.033750	0.368477	0.013739	0.206933	0.028802	0.018493	0.028525	0.051343	2277507.0	2277507.0
-42	0.135083	0.446253	0.069533	0.349131	0.368175	0.408353	0.107793	0.291269	0.044310	0.017180	0.033078	0.040514	0.049228	0.024866	0.355805	0.016354	0.016177	0.013456	0.014227	0.025673	0.064633	0.031332	0.034448	0.218718	2277507.0	2277507.0
-41	0.174349	0.086833	0.437558	0.301259	0.149800	0.419904	0.115113	0.301860	0.031757	0.052874	0.039565	0.050153	0.019928	0.033628	0.008632	0.024645	0.028554	0.362407	0.015237	0.031360	0.033354	0.209051	0.024319	0.034536	2277507.0	2277507.0
-40	0.113593	0.657961	0.087753	0.140694	0.159032	0.581553	0.087651	0.664213	0.039738	0.020002	0.017699	0.036154	0.047598	0.537397	0.016689	0.056276	0.017335	0.014589	0.012878	0.042950	0.040990	0.028389	0.029165	0.042150	2277507.0	2277507.0
-39	0.145661	0.600377	0.076431	0.177531	0.169052	0.057568	0.118332	0.102654	0.056955	0.026903	0.020284	0.041520	0.544200	0.011361	0.015540	0.029276	0.021025	0.010599	0.020068	0.024739	0.028189	0.019629	0.087324	0.042388	2277507.0	2277507.0
-38	0.650369	0.068492	0.143217	0.137923	0.330408	0.059530	0.322475	0.096004	0.229139	0.369030	0.017754	0.034445	0.019827	0.009944	0.009502	0.029218	0.049860	0.014362	0.025722	0.053273	0.031763	0.021780	0.049318	0.035061	2277507.0	2277507.0
-37	0.330590	0.415117	0.102296	0.151997	0.330614	0.072007	0.323654	0.085295	0.231978	0.027618	0.041671	0.029323	0.369698	0.009464	0.012518	0.023437	0.031495	0.031515	0.018510	0.020776	0.032764	0.015845	0.066839	0.036549	2277507.0	2277507.0
-36	0.665935	0.084443	0.139538	0.110084	0.317622	0.068456	0.329391	0.100176	0.224796	0.370268	0.039714	0.031157	0.028183	0.011184	0.012938	0.032137	0.035913	0.015366	0.028968	0.059291	0.026182	0.021368	0.027048	0.035487	2277507.0	2277507.0
-35	0.315074	0.418186	0.108668	0.158072	0.129521	0.415673	0.303045	0.477785	0.027610	0.019469	0.226992	0.041003	0.019090	0.355605	0.011190	0.032301	0.031756	0.032191	0.016687	0.028034	0.022985	0.051957	0.045207	0.037922	2277507.0	2277507.0
-34	0.101442	0.459222	0.300077	0.139260	0.140681	0.631909	0.126328	0.150399	0.033363	0.015720	0.023773	0.028585	0.018886	0.020393	0.369219	0.050723	0.033416	0.206521	0.035776	0.024364	0.026689	0.027239	0.033288	0.052043	2277507.0	2277507.0
-33	0.112354	0.269874	0.462057	0.155715	0.150031	0.261658	0.148541	0.109280	0.039497	0.015897	0.025712	0.031248	0.027815	0.014041	0.198592	0.029426	0.048425	0.014118	0.034907	0.364606	0.032819	0.019347	0.057083	0.046467	2277507.0	2277507.0
-32	0.148556	0.063403	0.316295	0.471747	0.163725	0.082257	0.371893	0.106464	0.053899	0.021300	0.043397	0.029960	0.022870	0.010979	0.009092	0.020463	0.226943	0.014533	0.047653	0.027164	0.031303	0.026459	0.365421	0.048564	2277507.0	2277507.0
-31	0.335015	0.073271	0.465563	0.126150	0.166707	0.447269	0.339582	0.094875	0.042695	0.029450	0.206224	0.056646	0.024548	0.019733	0.009268	0.019722	0.027848	0.355453	0.062815	0.019447	0.039920	0.027974	0.030810	0.027446	2277507.0	2277507.0
-30	0.135011	0.432610	0.309118	0.123261	0.136259	0.238273	0.316597	0.429495	0.041368	0.041524	0.020605	0.031515	0.037081	0.012245	0.013788	0.369495	0.058348	0.015962	0.196277	0.038531	0.032078	0.016456	0.043429	0.031299	2277507.0	2277507.0
-29	0.168874	0.086187	0.274099	0.470840	0.503034	0.085205	0.102917	0.437090	0.037665	0.061113	0.027383	0.042713	0.030450	0.026659	0.010135	0.018943	0.020224	0.030765	0.017646	0.205465	0.046030	0.014862	0.033322	0.376626	2277507.0	2277507.0
-28	0.134369	0.133399	0.088485	0.643746	0.334137	0.094646	0.109777	0.475134	0.034766	0.026473	0.025986	0.047144	0.038602	0.039932	0.017845	0.037020	0.027736	0.015580	0.021289	0.023880	0.213310	0.359264	0.032255	0.038917	2277507.0	2277507.0
-27	0.314415	0.441249	0.097374	0.146961	0.330910	0.407998	0.127287	0.425229	0.029540	0.016674	0.042853	0.225349	0.056378	0.359452	0.008212	0.017207	0.029509	0.014949	0.025386	0.027531	0.044030	0.016577	0.054362	0.031992	2277507.0	2277507.0
-26	0.159456	0.407652	0.130813	0.302079	0.349469	0.088339	0.131030	0.434913	0.029946	0.014629	0.050742	0.064139	0.020802	0.012411	0.009369	0.365069	0.024443	0.040660	0.025898	0.039812	0.215204	0.017253	0.029442	0.040180	2277507.0	2277507.0
-25	0.290395	0.084953	0.115452	0.509200	0.507901	0.090173	0.297706	0.491809	0.029058	0.018305	0.206906	0.036126	0.018997	0.031004	0.014094	0.020859	0.037807	0.021140	0.023935	0.032570	0.028107	0.025336	0.041147	0.414611	2277507.0	2277507.0
-24	0.113968	0.095785	0.286083	0.504165	0.477766	0.066978	0.300102	0.134234	0.029739	0.017517	0.038221	0.028491	0.027405	0.014237	0.009338	0.044805	0.210870	0.022131	0.021272	0.031809	0.368994	0.024651	0.059979	0.050542	2277507.0	2277507.0
-23	0.637007	0.078535	0.128811	0.155647	0.150375	0.099045	0.276952	0.134167	0.032931	0.358613	0.208506	0.036957	0.025604	0.011542	0.016474	0.024916	0.018947	0.054463	0.016567	0.038834	0.032760	0.049982	0.025178	0.047727	2277507.0	2277507.0
-22	0.110242	0.474600	0.266725	0.148433	0.150182	0.089792	0.098776	0.511910	0.038436	0.016504	0.023891	0.031411	0.030050	0.035445	0.013522	0.395582	0.019284	0.023660	0.017164	0.206617	0.032538	0.033085	0.035013	0.047797	2277507.0	2277507.0
-21	0.120308	0.108694	0.089591	0.681407	0.689628	0.087833	0.109271	0.641607	0.037404	0.021731	0.029552	0.031622	0.037256	0.013205	0.029795	0.028438	0.015794	0.018311	0.026522	0.028963	0.057243	0.036604	0.024201	0.563359	2277507.0	2277507.0
-20	0.147697	0.089851	0.110069	0.652383	0.128712	0.074052	0.102850	0.636225	0.029520	0.048359	0.028512	0.041307	0.028445	0.029179	0.010250	0.021978	0.020605	0.010411	0.024213	0.054841	0.026658	0.553841	0.040656	0.031228	2277507.0	2277507.0
-19	0.105228	0.641789	0.103630	0.149353	0.156398	0.623599	0.112938	0.648265	0.028814	0.017936	0.027855	0.030623	0.020871	0.541701	0.038305	0.040912	0.026027	0.013351	0.030243	0.034010	0.052116	0.020807	0.031585	0.044845	2277507.0	2277507.0
-18	0.127828	0.593796	0.127987	0.150389	0.164236	0.426158	0.128276	0.623257	0.032893	0.022682	0.045978	0.026274	0.023781	0.355398	0.012542	0.202075	0.018397	0.027210	0.031008	0.051372	0.062993	0.023709	0.021613	0.042075	2277507.0	2277507.0
-17	0.138064	0.428999	0.111140	0.321797	0.336648	0.071522	0.129709	0.100156	0.027765	0.038019	0.038301	0.033978	0.378015	0.012833	0.010297	0.027854	0.036639	0.021387	0.027004	0.026110	0.238469	0.023034	0.023859	0.036435	2277507.0	2277507.0
-16	0.680888	0.095273	0.099461	0.124378	0.478766	0.072373	0.159621	0.101975	0.030399	0.197780	0.080537	0.372172	0.024397	0.014764	0.026153	0.029959	0.032780	0.015550	0.015906	0.035225	0.034951	0.016009	0.032174	0.041244	2277507.0	2277507.0
-15	0.122527	0.244103	0.154769	0.478601	0.494056	0.248913	0.150633	0.097797	0.033337	0.032766	0.026623	0.029802	0.021225	0.009607	0.191107	0.022164	0.058696	0.016222	0.031977	0.047874	0.380908	0.016018	0.031666	0.050008	2277507.0	2277507.0
-14	0.494166	0.074612	0.281373	0.149848	0.140880	0.248653	0.686787	0.104558	0.031033	0.016612	0.415069	0.031452	0.023548	0.009999	0.010218	0.030847	0.027900	0.015651	0.212786	0.025037	0.033455	0.018771	0.052682	0.044940	2277507.0	2277507.0
-13	0.115936	0.061033	0.690755	0.132276	0.138436	0.278921	0.700770	0.091357	0.040132	0.014946	0.025929	0.034929	0.020861	0.012355	0.009816	0.018002	0.404840	0.026880	0.229870	0.029165	0.029572	0.027198	0.041703	0.033803	2277507.0	2277507.0
-12	0.495404	0.081379	0.307318	0.115899	0.153500	0.097765	0.668334	0.092895	0.033539	0.040338	0.369028	0.052500	0.028825	0.017794	0.014330	0.020430	0.214461	0.014336	0.051306	0.027215	0.033671	0.020882	0.027556	0.033790	2277507.0	2277507.0
-11	0.310497	0.093349	0.462220	0.133935	0.361655	0.092565	0.438165	0.130329	0.035303	0.018004	0.017019	0.240171	0.025721	0.036439	0.012271	0.018918	0.363630	0.021643	0.022213	0.054734	0.030177	0.018969	0.028785	0.056004	2277507.0	2277507.0
-10	0.454832	0.095053	0.080288	0.369827	0.717008	0.065006	0.079610	0.320349	0.028621	0.025903	0.018419	0.381889	0.038919	0.010375	0.013933	0.031827	0.016679	0.024808	0.015891	0.022911	0.062045	0.033694	0.029635	0.244453	2277507.0	2277507.0
-9	0.146263	0.094779	0.077878	0.681080	0.729996	0.066207	0.126644	0.326223	0.078823	0.017257	0.018613	0.031571	0.015909	0.019222	0.021257	0.038392	0.016383	0.012903	0.012825	0.035766	0.382163	0.031170	0.030308	0.237440	2277507.0	2277507.0
-8	0.493278	0.080551	0.083003	0.343169	0.732930	0.070931	0.106591	0.321071	0.031668	0.016889	0.024729	0.419992	0.023773	0.013102	0.017512	0.026164	0.023653	0.013776	0.026541	0.019033	0.038876	0.039411	0.022487	0.242394	2277507.0	2277507.0
-7	0.117971	0.083177	0.091269	0.707583	0.672527	0.068328	0.094138	0.334779	0.032461	0.032573	0.019041	0.033896	0.020447	0.018234	0.012003	0.032493	0.028909	0.024364	0.013727	0.024269	0.373459	0.051341	0.050072	0.232711	2277507.0	2277507.0
-6	0.455276	0.126512	0.094843	0.323368	0.486444	0.086074	0.454994	0.139809	0.375696	0.031200	0.015449	0.032931	0.049942	0.029853	0.018246	0.028471	0.037386	0.011513	0.026462	0.019482	0.035449	0.039117	0.206434	0.042367	2277507.0	2277507.0
-5	0.498474	0.111683	0.266592	0.123251	0.154843	0.079318	0.274342	0.135396	0.031635	0.400860	0.019740	0.046239	0.031975	0.034830	0.008497	0.036381	0.199343	0.012367	0.023624	0.031258	0.030233	0.017449	0.028832	0.046736	2277507.0	2277507.0
-4	0.293186	0.465506	0.080694	0.160614	0.356053	0.089384	0.079768	0.502097	0.030161	0.018016	0.017075	0.227934	0.043958	0.043971	0.009089	0.368488	0.023087	0.026878	0.009446	0.021284	0.039532	0.031212	0.031443	0.058426	2277507.0	2277507.0
-3	0.136737	0.120077	0.067054	0.676132	0.677594	0.049165	0.080092	0.674018	0.033736	0.037943	0.016632	0.048427	0.022154	0.010930	0.014807	0.072186	0.019866	0.013570	0.009858	0.023760	0.030659	0.026128	0.054572	0.564773	2277507.0	2277507.0
-2	0.106414	0.088571	0.095869	0.709146	0.475073	0.053989	0.087652	0.139737	0.029575	0.018557	0.021736	0.036546	0.021947	0.013149	0.009159	0.044315	0.021394	0.016734	0.014947	0.042795	0.374425	0.047746	0.252449	0.034526	2277507.0	2277507.0
-1	0.447341	0.096186	0.298291	0.158182	0.535490	0.046890	0.094361	0.141711	0.028504	0.017901	0.012848	0.388088	0.028953	0.010541	0.007731	0.048961	0.046020	0.021629	0.006989	0.223652	0.051497	0.014808	0.024476	0.067401	2277507.0	2277507.0
0	0.154974	0.064879	0.052044	0.728103	0.378544	0.039457	0.125603	0.093809	0.063355	0.024800	0.035757	0.031062	0.030928	0.006425	0.012483	0.015045	0.015484	0.009543	0.011006	0.016010	0.241271	0.029484	0.414491	0.042856	2277507.0	2277507.0
1	0.351039	0.070253	0.473737	0.104972	0.146464	0.418310	0.694903	0.091522	0.053184	0.064218	0.204428	0.029208	0.023699	0.017586	0.010264	0.018704	0.058937	0.012106	0.378354	0.024340	0.030658	0.021819	0.019081	0.033414	2277507.0	2277507.0
2	0.166477	0.115729	0.612128	0.105666	0.146162	0.285845	0.687147	0.137582	0.058726	0.025489	0.046800	0.035462	0.016133	0.062915	0.013128	0.023553	0.382396	0.010577	0.199224	0.019930	0.025063	0.024204	0.029488	0.026911	2277507.0	2277507.0
3	0.482319	0.123185	0.288641	0.105856	0.500200	0.101612	0.682323	0.128353	0.413491	0.019881	0.020205	0.028742	0.022479	0.047708	0.016459	0.036539	0.222299	0.011117	0.026328	0.028896	0.034268	0.020407	0.027482	0.023699	2277507.0	2277507.0
4	0.692537	0.099113	0.090474	0.117876	0.652408	0.079245	0.295704	0.089627	0.209894	0.051584	0.044525	0.386534	0.016466	0.011306	0.043439	0.027902	0.027965	0.011180	0.013320	0.038009	0.027131	0.021571	0.040326	0.028849	2277507.0	2277507.0
5	0.281456	0.095640	0.141610	0.481294	0.114724	0.048105	0.110174	0.120647	0.028846	0.203939	0.020943	0.027728	0.016985	0.009044	0.012241	0.057370	0.048122	0.014558	0.012263	0.066668	0.035641	0.031724	0.391420	0.022509	2277507.0	2277507.0
6	0.129594	0.259265	0.436867	0.174274	0.152585	0.047724	0.104602	0.276821	0.025394	0.053284	0.026775	0.024141	0.030489	0.008671	0.015145	0.204960	0.040140	0.011616	0.012292	0.372819	0.057596	0.017736	0.053488	0.045454	2277507.0	2277507.0
7	0.153619	0.091307	0.107701	0.647373	0.654425	0.052196	0.133779	0.291447	0.024306	0.027253	0.053916	0.048143	0.038170	0.014476	0.010649	0.028012	0.039676	0.011190	0.015881	0.040954	0.372531	0.039515	0.025883	0.209444	2277507.0	2277507.0
8	0.474684	0.092435	0.106329	0.326553	0.499285	0.056319	0.471071	0.291761	0.372277	0.016748	0.028249	0.057410	0.032724	0.009304	0.019987	0.030420	0.055992	0.012476	0.014553	0.023308	0.032417	0.214856	0.042099	0.037181	2277507.0	2277507.0
9	0.493411	0.253383	0.104887	0.148319	0.505143	0.059213	0.470041	0.082677	0.371292	0.018075	0.033490	0.070553	0.207619	0.011415	0.013243	0.021106	0.043723	0.013019	0.021536	0.026609	0.034275	0.021133	0.063888	0.029023	2277507.0	2277507.0
10	0.656909	0.063643	0.132157	0.147292	0.324666	0.080315	0.495126	0.123203	0.034480	0.018638	0.373129	0.230661	0.015661	0.011356	0.012199	0.024427	0.042720	0.011963	0.044796	0.032678	0.034736	0.062632	0.025135	0.024788	2277507.0	2277507.0
11	0.127597	0.104589	0.455261	0.312554	0.308144	0.119224	0.467032	0.136541	0.035731	0.040203	0.019257	0.032406	0.014706	0.042658	0.015557	0.031667	0.366769	0.015733	0.045275	0.027483	0.213139	0.035347	0.037199	0.026869	2277507.0	2277507.0
12	0.630345	0.133942	0.117288	0.118425	0.476219	0.102864	0.460624	0.115448	0.384322	0.201603	0.024753	0.019668	0.026095	0.032824	0.044725	0.030298	0.037483	0.011248	0.014067	0.054490	0.040846	0.020943	0.025252	0.031383	2277507.0	2277507.0
13	0.488746	0.266618	0.108797	0.135839	0.156266	0.254260	0.505929	0.264394	0.055346	0.026756	0.380312	0.026332	0.013179	0.192515	0.037036	0.023888	0.057104	0.011542	0.013167	0.026984	0.051311	0.024715	0.036536	0.023276	2277507.0	2277507.0
14	0.176940	0.255528	0.467052	0.100481	0.158372	0.242507	0.179450	0.095731	0.082143	0.031988	0.040526	0.022282	0.015202	0.009145	0.194331	0.036850	0.034831	0.017081	0.021950	0.393190	0.024727	0.020516	0.026018	0.029221	2277507.0	2277507.0
15	0.156902	0.078730	0.282825	0.481542	0.480165	0.048055	0.110294	0.111212	0.038211	0.051893	0.034857	0.031941	0.017837	0.010005	0.008371	0.042517	0.021405	0.013858	0.015821	0.231742	0.373997	0.022674	0.048855	0.036016	2277507.0	2277507.0
16	0.451450	0.098430	0.107904	0.342216	0.488147	0.082582	0.097463	0.145998	0.022807	0.016480	0.027656	0.384507	0.016875	0.011092	0.012776	0.057686	0.026832	0.038544	0.020169	0.022359	0.029322	0.025707	0.235674	0.051512	2277507.0	2277507.0
17	0.095836	0.091825	0.296275	0.516064	0.162193	0.237069	0.123460	0.168053	0.026397	0.023814	0.022784	0.022842	0.017544	0.011081	0.014270	0.048929	0.057283	0.194721	0.016997	0.027275	0.030724	0.025813	0.377297	0.082230	2277507.0	2277507.0
18	0.131947	0.255429	0.431348	0.181276	0.139947	0.403089	0.454885	0.295448	0.025727	0.026874	0.043447	0.035899	0.017097	0.008778	0.017542	0.212013	0.021755	0.012814	0.363956	0.032823	0.045133	0.041470	0.061486	0.033188	2277507.0	2277507.0
19	0.109712	0.089936	0.486430	0.313923	0.118029	0.056716	0.463453	0.303284	0.036091	0.032269	0.019373	0.021978	0.017844	0.013599	0.012403	0.046089	0.389527	0.012253	0.018461	0.066188	0.027077	0.210712	0.043250	0.032883	2277507.0	2277507.0
20	0.470539	0.268833	0.093488	0.167139	0.166443	0.054710	0.435483	0.309646	0.029758	0.022904	0.364837	0.053040	0.021670	0.018418	0.009582	0.219163	0.028933	0.014756	0.011955	0.037845	0.032311	0.020731	0.062763	0.051334	2277507.0	2277507.0
21	0.112672	0.076809	0.449137	0.361382	0.311171	0.399438	0.105091	0.304800	0.028077	0.025667	0.037500	0.021428	0.023915	0.014989	0.015248	0.022657	0.025715	0.355403	0.013798	0.054220	0.021541	0.027030	0.072687	0.240125	2277507.0	2277507.0
22	0.099248	0.423088	0.139233	0.338430	0.155736	0.423521	0.152268	0.139873	0.026798	0.022222	0.021817	0.028412	0.027208	0.013643	0.355962	0.026275	0.064265	0.014529	0.039388	0.021051	0.023380	0.022809	0.215095	0.077146	2277507.0	2277507.0
23	0.141652	0.073202	0.632262	0.152884	0.152288	0.260561	0.328669	0.095973	0.027101	0.030612	0.050747	0.033192	0.018711	0.011960	0.018122	0.024408	0.034559	0.014216	0.216262	0.367225	0.055909	0.023519	0.037371	0.036086	2277507.0	2277507.0
24	0.136280	0.080306	0.322503	0.460911	0.445879	0.282264	0.304020	0.089681	0.029906	0.056884	0.026256	0.023234	0.024620	0.017973	0.018254	0.019459	0.035625	0.033804	0.212233	0.040841	0.370193	0.029703	0.038470	0.022546	2277507.0	2277507.0
25	0.460343	0.138363	0.295214	0.106080	0.117677	0.258698	0.119269	0.095144	0.032018	0.367149	0.023569	0.037607	0.065676	0.023873	0.014812	0.034001	0.041233	0.197564	0.022449	0.033967	0.027223	0.016440	0.041588	0.020829	2277507.0	2277507.0
26	0.166150	0.605026	0.102419	0.126405	0.148734	0.412399	0.124799	0.280962	0.031753	0.065295	0.032105	0.036997	0.021531	0.018936	0.354976	0.209584	0.041439	0.018985	0.019502	0.022493	0.047244	0.019702	0.026719	0.032740	2277507.0	2277507.0
27	0.141966	0.122918	0.433302	0.301813	0.319250	0.416984	0.132555	0.135687	0.042557	0.021117	0.045619	0.032673	0.023714	0.015528	0.014308	0.069368	0.022919	0.365689	0.021459	0.023235	0.214141	0.020912	0.036882	0.029879	2277507.0	2277507.0
28	0.303331	0.423246	0.118268	0.155155	0.315808	0.083704	0.308994	0.102123	0.213375	0.040966	0.017855	0.031135	0.364827	0.026262	0.013956	0.018200	0.047462	0.013182	0.030303	0.027321	0.028718	0.015080	0.068777	0.042581	2277507.0	2277507.0
29	0.654381	0.095491	0.130891	0.119237	0.136357	0.118181	0.483777	0.119388	0.053187	0.206213	0.366824	0.028158	0.020513	0.031874	0.014550	0.028554	0.037857	0.045848	0.025909	0.021277	0.022116	0.026063	0.038161	0.032897	2277507.0	2277507.0
30	0.133672	0.309998	0.445444	0.110886	0.146140	0.634441	0.479561	0.306670	0.051986	0.022941	0.021639	0.037106	0.053253	0.224224	0.011396	0.021125	0.027661	0.020546	0.378275	0.018961	0.023606	0.027880	0.025959	0.033441	2277507.0	2277507.0
31	0.156506	0.295592	0.437268	0.110634	0.149616	0.417168	0.113947	0.103363	0.030468	0.043545	0.030077	0.052415	0.248419	0.017239	0.009559	0.020375	0.025916	0.362885	0.027485	0.020982	0.024396	0.023412	0.020489	0.042337	2277507.0	2277507.0
32	0.329199	0.447082	0.087610	0.136109	0.335708	0.406827	0.104857	0.455447	0.037669	0.059937	0.019077	0.212515	0.048195	0.362342	0.010476	0.026069	0.034848	0.020747	0.013262	0.018753	0.044637	0.026149	0.024437	0.040887	2277507.0	2277507.0
33	0.165349	0.469175	0.067252	0.298224	0.372926	0.054226	0.127390	0.094050	0.068480	0.024159	0.021800	0.050910	0.416616	0.013905	0.013733	0.024921	0.020992	0.010469	0.016119	0.019673	0.219882	0.021570	0.023118	0.033654	2277507.0	2277507.0
34	0.725970	0.070103	0.074769	0.129158	0.694116	0.054546	0.660769	0.125720	0.593073	0.067241	0.028968	0.036688	0.020888	0.017968	0.008754	0.022493	0.023818	0.012914	0.014910	0.023128	0.024207	0.045112	0.019693	0.040147	2277507.0	2277507.0
35	0.661986	0.143235	0.072324	0.122456	0.131612	0.050174	0.450781	0.134307	0.030986	0.213696	0.390230	0.027073	0.056983	0.014639	0.010709	0.060904	0.016312	0.011574	0.013252	0.031185	0.039575	0.024786	0.024117	0.033978	2277507.0	2277507.0
36	0.143856	0.264696	0.438308	0.153140	0.173342	0.392632	0.107136	0.104430	0.050452	0.035875	0.022400	0.035129	0.221998	0.012098	0.013171	0.017430	0.021568	0.354647	0.012716	0.049377	0.054122	0.041264	0.024116	0.033639	2277507.0	2277507.0
37	0.348140	0.443884	0.072402	0.135574	0.182467	0.412329	0.121288	0.131483	0.054859	0.226075	0.031631	0.035575	0.046681	0.025275	0.352579	0.019347	0.017177	0.016853	0.017621	0.020751	0.024641	0.019469	0.024073	0.067392	2277507.0	2277507.0
38	0.143359	0.287672	0.425904	0.143065	0.135824	0.603795	0.101009	0.284994	0.039205	0.042823	0.028082	0.033249	0.042005	0.197381	0.024527	0.023759	0.017439	0.365605	0.016283	0.026578	0.023991	0.024474	0.055220	0.039380	2277507.0	2277507.0
39	0.122639	0.630282	0.124112	0.122966	0.146582	0.440509	0.144094	0.479843	0.042375	0.031698	0.019085	0.029481	0.207941	0.354172	0.010767	0.057401	0.024323	0.017258	0.058311	0.024220	0.029926	0.023469	0.024771	0.044800	2277507.0	2277507.0
40	0.304565	0.426598	0.112934	0.155903	0.151311	0.398984	0.111267	0.131345	0.032061	0.206834	0.038375	0.027294	0.020078	0.013390	0.353705	0.039424	0.029098	0.020156	0.011733	0.051948	0.044810	0.031386	0.032562	0.047145	2277507.0	2277507.0
41	0.126047	0.271766	0.436375	0.165812	0.183296	0.064456	0.452933	0.341558	0.042957	0.035748	0.017987	0.029355	0.035727	0.010542	0.013734	0.211762	0.374255	0.022445	0.017734	0.021941	0.025297	0.033567	0.021262	0.085687	2277507.0	2277507.0
42	0.478237	0.102302	0.070717	0.348745	0.725403	0.074201	0.103928	0.362861	0.039534	0.015304	0.022195	0.401204	0.020396	0.031618	0.016457	0.033830	0.026707	0.010633	0.015492	0.017885	0.027115	0.039861	0.024218	0.257551	2277507.0	2277507.0
43	0.113751	0.097416	0.078363	0.710470	0.157938	0.051917	0.094180	0.721106	0.032728	0.025385	0.024510	0.031128	0.021112	0.009072	0.010123	0.057109	0.019013	0.014792	0.017929	0.026628	0.029560	0.590403	0.025986	0.064522	2277507.0	2277507.0
44	0.102413	0.639652	0.078548	0.179387	0.159394	0.052758	0.091536	0.695086	0.033655	0.019099	0.020741	0.028919	0.027419	0.010692	0.009453	0.592088	0.018942	0.014414	0.018198	0.026993	0.032080	0.027566	0.055000	0.064741	2277507.0	2277507.0
45	0.112096	0.071771	0.103392	0.712741	0.527226	0.069440	0.116619	0.116983	0.038734	0.017113	0.018998	0.037251	0.021317	0.012192	0.008543	0.029719	0.026551	0.016371	0.032335	0.028135	0.401626	0.025457	0.236043	0.049615	2277507.0	2277507.0
46	0.488229	0.071132	0.295919	0.144721	0.177027	0.258879	0.656169	0.125897	0.063836	0.027729	0.365209	0.031455	0.022911	0.010917	0.011938	0.025366	0.019342	0.028242	0.207782	0.040553	0.033189	0.041066	0.021918	0.048548	2277507.0	2277507.0
47	0.139277	0.107953	0.606847	0.145922	0.135849	0.594999	0.136245	0.127781	0.031224	0.020585	0.058610	0.028859	0.049137	0.019437	0.008555	0.030824	0.016645	0.537240	0.029766	0.023197	0.042006	0.043759	0.026397	0.033760	2277507.0	2277507.0
48	0.139011	0.621021	0.123329	0.116639	0.137655	0.091187	0.146457	0.107358	0.031980	0.028547	0.043523	0.034961	0.552880	0.013951	0.015535	0.038655	0.023425	0.014172	0.047529	0.038203	0.035625	0.019662	0.026263	0.035089	2277507.0	2277507.0
49	0.643909	0.076332	0.132850	0.146909	0.172421	0.094714	0.674229	0.127966	0.036602	0.022413	0.553656	0.031238	0.024561	0.010978	0.010256	0.030536	0.021455	0.010965	0.062515	0.037915	0.038450	0.020320	0.022007	0.066132	2277507.0	2277507.0
50	0.121069	0.064676	0.648434	0.165820	0.182116	0.234389	0.297830	0.134956	0.032360	0.022046	0.025911	0.040751	0.019820	0.011875	0.009435	0.023546	0.038070	0.011591	0.201489	0.397285	0.044827	0.035358	0.021459	0.064178	2277507.0	2277507.0
51	0.135077	0.080870	0.258293	0.525760	0.161222	0.050894	0.283088	0.170529	0.032507	0.030935	0.023317	0.048318	0.019576	0.011323	0.011869	0.038102	0.210654	0.011093	0.016609	0.019936	0.030467	0.071174	0.374189	0.049931	2277507.0	2277507.0
52	0.293203	0.124525	0.425985	0.156287	0.344413	0.049586	0.093156	0.160031	0.030631	0.019733	0.024932	0.217908	0.045421	0.010472	0.009908	0.058724	0.022931	0.014544	0.014663	0.373848	0.030497	0.025457	0.034956	0.065378	2277507.0	2277507.0
53	0.129479	0.070205	0.084458	0.715858	0.733559	0.061352	0.104167	0.320797	0.032366	0.015739	0.035355	0.046019	0.027927	0.010761	0.009529	0.021987	0.020658	0.025273	0.015788	0.022739	0.409197	0.042072	0.018612	0.245976	2277507.0	2277507.0
54	0.490149	0.093846	0.079284	0.336722	0.691672	0.068079	0.137428	0.313841	0.047693	0.016702	0.052121	0.373632	0.027597	0.015496	0.011670	0.039083	0.016064	0.019364	0.021550	0.022306	0.036621	0.025535	0.040839	0.233727	2277507.0	2277507.0
55	0.127975	0.077097	0.126181	0.668748	0.689663	0.086199	0.140100	0.305759	0.050082	0.021246	0.021810	0.034837	0.023253	0.017035	0.008692	0.028117	0.020200	0.012463	0.048009	0.045509	0.383255	0.039118	0.024885	0.221489	2277507.0	2277507.0
56	0.476789	0.089862	0.103396	0.329952	0.515321	0.056892	0.444806	0.293687	0.390506	0.025484	0.020147	0.040653	0.035572	0.012396	0.012969	0.028925	0.019995	0.017368	0.014158	0.051876	0.035555	0.203759	0.042031	0.048607	2277507.0	2277507.0
57	0.481627	0.259006	0.089306	0.170060	0.203625	0.071396	0.107864	0.130804	0.035007	0.367571	0.023639	0.055410	0.211900	0.013324	0.009023	0.024760	0.015945	0.015777	0.033272	0.024312	0.044654	0.024167	0.032685	0.068553	2277507.0	2277507.0
58	0.307506	0.420839	0.098620	0.173035	0.313700	0.076008	0.090380	0.437519	0.038023	0.037922	0.018988	0.212573	0.026149	0.010877	0.011489	0.372324	0.017485	0.037758	0.015884	0.027493	0.029610	0.020825	0.089107	0.033494	2277507.0	2277507.0
59	0.111267	0.107381	0.135468	0.645883	0.489181	0.084050	0.110668	0.468435	0.038583	0.019170	0.021470	0.032044	0.021357	0.021484	0.028608	0.035931	0.039242	0.022584	0.011373	0.062269	0.031325	0.023789	0.203540	0.387230	2277507.0	2277507.0
60	0.130506	0.087028	0.264992	0.517474	0.174922	0.068622	0.293604	0.147727	0.056648	0.018585	0.022749	0.032525	0.029072	0.017767	0.008288	0.031901	0.202619	0.030980	0.011588	0.019805	0.043972	0.056282	0.375443	0.041777	2277507.0	2277506.0
61	0.332311	0.123614	0.418067	0.126008	0.326297	0.057815	0.297080	0.117767	0.232785	0.033848	0.034275	0.031403	0.052019	0.020081	0.011658	0.039856	0.017110	0.013166	0.012910	0.374880	0.030877	0.026598	0.037301	0.031232	2277506.0	2277506.0
62	0.332792	0.093693	0.096144	0.477371	0.128409	0.081205	0.296830	0.110173	0.038207	0.067202	0.202219	0.025163	0.017704	0.033942	0.017746	0.024301	0.038039	0.011152	0.018364	0.028588	0.033442	0.020333	0.391999	0.031597	2277506.0	2277506.0
63	0.127392	0.132629	0.630329	0.109650	0.146256	0.118112	0.316979	0.147872	0.054507	0.019206	0.021279	0.032399	0.033649	0.046510	0.012475	0.039995	0.200518	0.018452	0.040675	0.370685	0.027701	0.029720	0.020581	0.031648	2277506.0	2277506.0
64	0.316375	0.113887	0.095011	0.474728	0.356297	0.048159	0.302034	0.139811	0.233037	0.019174	0.028994	0.035169	0.033278	0.014436	0.009475	0.056698	0.025861	0.010106	0.014142	0.044903	0.037739	0.018326	0.368311	0.050352	2277506.0	2277506.0
65	0.329915	0.062042	0.420922	0.187121	0.355041	0.054734	0.308368	0.118532	0.234738	0.022423	0.031376	0.041377	0.019768	0.012450	0.008881	0.020943	0.024540	0.015690	0.017713	0.362979	0.025591	0.031804	0.076391	0.053336	2277506.0	2277506.0
66	0.304637	0.082367	0.134362	0.478634	0.331558	0.105408	0.316981	0.126956	0.223983	0.034100	0.021149	0.025405	0.022882	0.014117	0.018883	0.026486	0.020350	0.020910	0.051498	0.041604	0.029479	0.033662	0.362802	0.052691	2277506.0	2277506.0
67	0.296693	0.102788	0.454333	0.146186	0.178385	0.433492	0.469694	0.133432	0.034062	0.198598	0.016218	0.047815	0.033035	0.021772	0.026723	0.021259	0.047329	0.012911	0.372086	0.022007	0.031516	0.025410	0.024268	0.064991	2277506.0	2277506.0
68	0.145942	0.258692	0.439295	0.156072	0.212413	0.240937	0.106924	0.129160	0.039636	0.017071	0.017053	0.072182	0.027535	0.017601	0.193580	0.019975	0.033982	0.013502	0.016253	0.375557	0.034070	0.025058	0.030419	0.066525	2277506.0	2277506.0
69	0.135223	0.073232	0.257306	0.534239	0.544496	0.056115	0.289607	0.433191	0.053266	0.023340	0.019156	0.039460	0.020466	0.010582	0.018431	0.023753	0.203716	0.013633	0.013468	0.026488	0.071600	0.018687	0.063783	0.380170	2277506.0	2277506.0
70	0.349048	0.066243	0.114839	0.469871	0.715772	0.075130	0.315406	0.440012	0.247633	0.030140	0.033437	0.037838	0.022572	0.010544	0.010407	0.022720	0.021893	0.041737	0.012443	0.038766	0.040871	0.017319	0.022251	0.389430	2277506.0	2277506.0
71	0.332970	0.099739	0.078537	0.488754	0.510405	0.050527	0.294951	0.115526	0.032953	0.050739	0.212245	0.037033	0.029080	0.013798	0.011226	0.045636	0.037136	0.012886	0.012617	0.015898	0.400270	0.015943	0.032391	0.040150	2277506.0	2277506.0
72	0.499438	0.093366	0.268479	0.138716	0.196553	0.048996	0.661373	0.090587	0.056454	0.031720	0.370164	0.041100	0.053170	0.009702	0.007567	0.022927	0.215326	0.012299	0.019428	0.021426	0.060398	0.019357	0.020360	0.038601	2277506.0	2277506.0
73	0.385348	0.073078	0.417520	0.124054	0.386286	0.054407	0.301527	0.094745	0.229369	0.046559	0.027006	0.082415	0.030410	0.010824	0.012174	0.019670	0.026300	0.012556	0.018852	0.359812	0.036631	0.026380	0.023171	0.037871	2277506.0	2277506.0
74	0.322710	0.096319	0.081204	0.499768	0.166338	0.083384	0.112640	0.129973	0.044212	0.212433	0.029069	0.036995	0.026220	0.020918	0.027585	0.021596	0.027885	0.023407	0.011474	0.018438	0.048706	0.051035	0.363603	0.036424	2277506.0	2277506.0
75	0.147024	0.307794	0.431730	0.113452	0.156919	0.582563	0.125082	0.135938	0.047185	0.044017	0.020132	0.035690	0.038799	0.013194	0.200465	0.055336	0.043514	0.354652	0.014251	0.019313	0.028758	0.022122	0.017286	0.045286	2277506.0	2277506.0
76	0.158256	0.433987	0.252134	0.155624	0.172390	0.386028	0.297803	0.129697	0.050531	0.030574	0.031678	0.045473	0.048363	0.009636	0.352937	0.023051	0.205054	0.012915	0.010540	0.023625	0.039283	0.059907	0.019331	0.037102	2277506.0	2277506.0
77	0.343231	0.113032	0.414485	0.129251	0.375109	0.402638	0.643739	0.155975	0.248618	0.019941	0.025329	0.049344	0.017583	0.022255	0.008405	0.064790	0.014077	0.016263	0.355716	0.028429	0.038161	0.029945	0.022160	0.038986	2277506.0	2277506.0
78	0.318438	0.088403	0.411609	0.181549	0.416370	0.052835	0.080614	0.143993	0.036729	0.019794	0.016265	0.245651	0.032233	0.017355	0.010732	0.028083	0.015545	0.012671	0.012076	0.371317	0.057834	0.022399	0.025160	0.076156	2277506.0	2277506.0
79	0.142340	0.072218	0.064234	0.721207	0.361374	0.049249	0.083333	0.485986	0.040198	0.030339	0.019089	0.052714	0.029568	0.017355	0.007977	0.017319	0.013992	0.013864	0.010053	0.026324	0.219895	0.402744	0.050001	0.048567	2277506.0	2277506.0
80	0.303653	0.464303	0.087120	0.144924	0.346656	0.078156	0.088037	0.103230	0.040082	0.024574	0.019192	0.219806	0.406348	0.009261	0.020069	0.028625	0.017357	0.037418	0.011407	0.020938	0.039025	0.017600	0.040555	0.047743	2277506.0	2277506.0
81	0.502811	0.088854	0.091223	0.317112	0.546306	0.072257	0.097174	0.130370	0.033990	0.025837	0.023184	0.419800	0.017221	0.039598	0.007743	0.024292	0.026097	0.011013	0.013903	0.040210	0.042794	0.016757	0.207839	0.049722	2277506.0	2277506.0
82	0.120102	0.093205	0.252669	0.534025	0.548377	0.048992	0.099772	0.509056	0.032146	0.016103	0.032321	0.039531	0.046651	0.018157	0.008691	0.019705	0.023439	0.010279	0.011866	0.207086	0.029529	0.024023	0.033302	0.447171	2277506.0	2277506.0
83	0.131765	0.068562	0.086180	0.713493	0.728507	0.046177	0.096314	0.675794	0.034042	0.017247	0.018711	0.061764	0.027700	0.014853	0.007470	0.018539	0.030727	0.011020	0.012834	0.031599	0.041073	0.050774	0.030018	0.591628	2277506.0	2277506.0
84	0.133542	0.093895	0.069033	0.703531	0.348020	0.053393	0.112618	0.687335	0.045109	0.018299	0.029962	0.040172	0.019851	0.016409	0.008475	0.049160	0.020828	0.011791	0.016719	0.019694	0.043427	0.402454	0.038338	0.219311	2277506.0	2277506.0
85	0.129215	0.448952	0.093493	0.328339	0.193464	0.401726	0.106891	0.509608	0.038024	0.017018	0.024829	0.049344	0.021296	0.357243	0.011115	0.059299	0.027592	0.016922	0.016446	0.032533	0.032894	0.019865	0.202378	0.073202	2277506.0	2277506.0
86	0.119806	0.411048	0.254768	0.214377	0.221929	0.041619	0.094077	0.158093	0.035690	0.014003	0.018856	0.051257	0.365215	0.011298	0.007276	0.027259	0.028989	0.012503	0.010542	0.202734	0.072030	0.056584	0.022811	0.062952	2277506.0	2277506.0
87	0.501924	0.094388	0.059486	0.344202	0.391371	0.046094	0.086390	0.124963	0.037747	0.381810	0.016983	0.065384	0.048108	0.009521	0.010518	0.026241	0.016847	0.011244	0.014812	0.016583	0.231642	0.032603	0.023358	0.056598	2277506.0	2277506.0
88	0.334344	0.435178	0.065672	0.164806	0.401646	0.062071	0.082885	0.487794	0.035350	0.018818	0.018535	0.261642	0.018191	0.031295	0.007265	0.378428	0.016320	0.010830	0.012681	0.025841	0.048308	0.021725	0.038427	0.056347	2277506.0	2277506.0
89	0.118168	0.082668	0.076907	0.722258	0.726673	0.048495	0.081317	0.665902	0.034035	0.021400	0.014987	0.047746	0.023819	0.012891	0.006844	0.039113	0.015286	0.011750	0.017009	0.032862	0.067874	0.036881	0.040486	0.577017	2277506.0	2277506.0
90	0.141014	0.082922	0.079325	0.696738	0.191498	0.041396	0.090379	0.307519	0.037793	0.016872	0.022650	0.063699	0.032484	0.009459	0.011331	0.029649	0.019131	0.009802	0.010804	0.039588	0.047944	0.226348	0.380383	0.042063	2277506.0	2277506.0
91	0.137352	0.262482	0.425169	0.174998	0.212732	0.399429	0.467212	0.124094	0.052272	0.021226	0.026530	0.037324	0.222686	0.010296	0.008074	0.021426	0.016257	0.008905	0.372154	0.027853	0.049561	0.018797	0.033065	0.073575	2277506.0	2277506.0
92	0.340775	0.059224	0.439822	0.160178	0.372316	0.062760	0.635852	0.130585	0.228181	0.022914	0.032451	0.057230	0.019585	0.012735	0.008570	0.018334	0.360212	0.026447	0.015008	0.038156	0.038919	0.051530	0.021743	0.047986	2277506.0	2277506.0
93	0.646898	0.113625	0.077772	0.161705	0.516757	0.083290	0.295345	0.171272	0.048781	0.016366	0.203811	0.377939	0.028043	0.045477	0.012940	0.027165	0.030881	0.013001	0.011872	0.022019	0.039940	0.048533	0.023136	0.050096	2277506.0	2277506.0
94	0.147645	0.123377	0.251759	0.477219	0.515619	0.075585	0.285825	0.156499	0.047405	0.017845	0.029038	0.053356	0.017631	0.032003	0.019625	0.054118	0.198368	0.012944	0.011013	0.029434	0.372045	0.027566	0.034796	0.042812	2277506.0	2277506.0
95	0.635450	0.090358	0.094472	0.179720	0.672230	0.051666	0.436247	0.149960	0.380778	0.015565	0.023993	0.215113	0.020895	0.012698	0.008084	0.048681	0.021986	0.021394	0.009490	0.041602	0.030977	0.043219	0.060162	0.045361	2277506.0	2277506.0
96	0.454636	0.092876	0.101729	0.350758	0.178886	0.073271	0.117179	0.342870	0.038265	0.365329	0.018359	0.032684	0.017768	0.028109	0.013349	0.033650	0.051403	0.022660	0.009153	0.018513	0.042607	0.215779	0.027041	0.065332	2277506.0	2277506.0
97	0.150043	0.631878	0.067901	0.150178	0.194374	0.610406	0.111608	0.331360	0.073040	0.022516	0.016287	0.038200	0.034284	0.222315	0.352854	0.022425	0.013107	0.026063	0.009174	0.019558	0.037009	0.040495	0.026549	0.046125	2277506.0	2277506.0
98	0.157441	0.311389	0.404863	0.126307	0.195596	0.242040	0.088182	0.308791	0.047252	0.022172	0.015953	0.072063	0.051667	0.201364	0.010495	0.047864	0.013146	0.018349	0.011832	0.361537	0.035991	0.019274	0.030752	0.040290	2277506.0	2277506.0
99	0.148055	0.261159	0.069032	0.521754	0.565905	0.058853	0.095067	0.291506	0.048230	0.019134	0.020991	0.059700	0.026937	0.015078	0.014309	0.204835	0.013509	0.017128	0.012337	0.026058	0.416863	0.030480	0.033298	0.041113	2277506.0	2277506.0
100	0.505539	0.081821	0.080935	0.331705	0.364376	0.057779	0.089668	0.112383	0.035777	0.375972	0.020951	0.072838	0.025934	0.010958	0.010713	0.034215	0.017040	0.020207	0.015900	0.027789	0.215287	0.026735	0.049209	0.040474	2277506.0	2277506.0
101	0.294037	0.433873	0.096774	0.175316	0.160260	0.057112	0.093770	0.490159	0.040250	0.199140	0.021814	0.032833	0.027627	0.012653	0.011626	0.381967	0.019344	0.020471	0.012362	0.044597	0.037954	0.046316	0.041823	0.049224	2277506.0	2277506.0
102	0.125174	0.278580	0.087625	0.508621	0.510403	0.078762	0.099916	0.625500	0.043289	0.020810	0.028841	0.032234	0.017781	0.017876	0.039518	0.203405	0.018640	0.012222	0.009147	0.047617	0.050108	0.019448	0.054294	0.384772	2277506.0	2277506.0
103	0.129818	0.070355	0.131799	0.668028	0.713582	0.067321	0.125660	0.454119	0.051970	0.020920	0.020469	0.036459	0.020571	0.017374	0.009358	0.023052	0.022726	0.010094	0.030496	0.068483	0.232398	0.020938	0.021937	0.392755	2277506.0	2277506.0
104	0.327665	0.069326	0.082259	0.520749	0.692689	0.052827	0.304665	0.502635	0.238292	0.018789	0.037566	0.033018	0.015466	0.021730	0.010740	0.021391	0.018092	0.009642	0.010715	0.043811	0.031084	0.069220	0.030150	0.390294	2277506.0	2277506.0
105	0.302934	0.119381	0.089171	0.488514	0.690560	0.078213	0.306432	0.482127	0.237952	0.016783	0.020425	0.027774	0.016121	0.012150	0.033749	0.057361	0.027533	0.011792	0.020522	0.029324	0.032194	0.019974	0.043705	0.392641	2277506.0	2277506.0
106	0.313799	0.060699	0.118401	0.507101	0.718657	0.084358	0.285754	0.096481	0.223136	0.022565	0.019071	0.049027	0.018435	0.009904	0.012519	0.019842	0.026526	0.044915	0.017020	0.029939	0.406313	0.026554	0.034053	0.040181	2277506.0	2277506.0
107	0.674411	0.103938	0.082662	0.138989	0.341627	0.063061	0.458647	0.137928	0.043179	0.049564	0.372593	0.209076	0.024398	0.012729	0.021143	0.045667	0.032179	0.018492	0.010696	0.021295	0.029665	0.019824	0.029792	0.059707	2277506.0	2277506.0
108	0.129421	0.100610	0.434224	0.335745	0.325591	0.048716	0.116778	0.316578	0.035444	0.031537	0.026127	0.036314	0.025809	0.012151	0.013341	0.049309	0.042527	0.010543	0.012681	0.368474	0.033775	0.035060	0.046851	0.220058	2277506.0	2277506.0
109	0.137554	0.089291	0.099000	0.674155	0.156765	0.070784	0.114604	0.311749	0.042551	0.027686	0.022248	0.045070	0.041162	0.020434	0.008390	0.019305	0.018442	0.010597	0.031363	0.038598	0.037336	0.240201	0.364810	0.031809	2277506.0	2277506.0
110	0.139490	0.298917	0.426811	0.134783	0.180955	0.415372	0.122167	0.161640	0.048799	0.020710	0.018835	0.051146	0.213199	0.014848	0.008456	0.062415	0.016346	0.353882	0.038187	0.018396	0.027566	0.030933	0.022839	0.053444	2277506.0	2277506.0
111	0.305910	0.420373	0.088317	0.185401	0.369340	0.421130	0.116713	0.449201	0.045108	0.020861	0.021781	0.218159	0.031093	0.352645	0.015365	0.021270	0.015329	0.018625	0.034495	0.019868	0.051702	0.020915	0.058413	0.054371	2277506.0	2277506.0
112	0.143232	0.413046	0.130054	0.313668	0.355248	0.428109	0.105723	0.639556	0.055841	0.031022	0.017935	0.038434	0.023510	0.361025	0.007490	0.021020	0.013942	0.041588	0.018005	0.056519	0.038404	0.034942	0.017753	0.222568	2277506.0	2277506.0
113	0.131698	0.468577	0.061183	0.338542	0.183183	0.075298	0.100413	0.672901	0.050010	0.027603	0.021371	0.032713	0.048054	0.031850	0.020410	0.368263	0.015308	0.009314	0.013724	0.022837	0.032461	0.204788	0.033294	0.067999	2277506.0	2277506.0
114	0.145833	0.273556	0.088799	0.491812	0.176465	0.242949	0.121699	0.663702	0.038495	0.027316	0.049966	0.030056	0.028703	0.207039	0.007363	0.030450	0.016424	0.011732	0.016814	0.043829	0.043460	0.361759	0.022140	0.064453	2277506.0	2277506.0
115	0.127082	0.607846	0.096283	0.168788	0.165932	0.253717	0.123975	0.650795	0.039990	0.025934	0.019310	0.041848	0.033638	0.192392	0.006412	0.375405	0.020701	0.010939	0.043974	0.020670	0.033939	0.032843	0.051851	0.050156	2277506.0	2277506.0
116	0.128267	0.262107	0.121547	0.488078	0.170788	0.067154	0.106570	0.307952	0.044720	0.017297	0.024938	0.041314	0.030893	0.011406	0.011904	0.207904	0.025415	0.032346	0.011498	0.052288	0.035451	0.039339	0.363985	0.049303	2277506.0	2277506.0
117	0.136479	0.100388	0.412324	0.350809	0.173196	0.408704	0.448333	0.355264	0.047765	0.027949	0.024515	0.036250	0.017884	0.031602	0.010460	0.040442	0.020504	0.011093	0.355549	0.025178	0.040623	0.234661	0.026966	0.048558	2277506.0	2277506.0
118	0.126776	0.305305	0.417490	0.150429	0.147549	0.074795	0.464158	0.296970	0.036294	0.016544	0.041913	0.032025	0.044312	0.010691	0.038943	0.211359	0.370399	0.009609	0.015551	0.021931	0.036349	0.032039	0.039160	0.042881	2277506.0	2277506.0
119	0.487354	0.068883	0.135568	0.308196	0.491902	0.069670	0.490323	0.266857	0.381720	0.039893	0.020921	0.044820	0.032665	0.009613	0.008991	0.017614	0.050802	0.014185	0.036880	0.033700	0.031965	0.206233	0.036601	0.033397	2277506.0	2277506.0
120	0.497152	0.269925	0.103393	0.129531	0.532504	0.079326	0.127006	0.104914	0.039146	0.016869	0.032828	0.408309	0.226033	0.010771	0.007523	0.025598	0.020688	0.026688	0.034345	0.021673	0.034208	0.017705	0.026777	0.050841	2277506.0	2277506.0
121	0.320075	0.072033	0.101472	0.506420	0.501666	0.060002	0.303778	0.494189	0.039756	0.038321	0.204531	0.037467	0.021447	0.016464	0.006760	0.027361	0.041519	0.018805	0.017973	0.023175	0.036273	0.062194	0.019783	0.388170	2277506.0	2277506.0
122	0.138995	0.135784	0.249047	0.476173	0.515307	0.047347	0.268162	0.453659	0.036045	0.029184	0.019169	0.054597	0.074528	0.016283	0.008732	0.036241	0.203349	0.012732	0.009599	0.023366	0.041234	0.017704	0.033805	0.383430	2277506.0	2277506.0
123	0.355156	0.075903	0.071305	0.497636	0.759122	0.055570	0.118458	0.447120	0.056041	0.020821	0.023455	0.254839	0.025615	0.013137	0.008770	0.028381	0.016374	0.011076	0.022587	0.021268	0.064665	0.022024	0.027369	0.383578	2277506.0	2277506.0
124	0.162695	0.067058	0.082181	0.688066	0.759713	0.047144	0.102028	0.122075	0.036519	0.024703	0.021425	0.080048	0.029472	0.010266	0.008440	0.018880	0.029372	0.013726	0.014712	0.024371	0.566076	0.015859	0.029061	0.077070	2277506.0	2277506.0
125	0.661439	0.064554	0.073638	0.200368	0.387494	0.044091	0.460200	0.108344	0.054811	0.022228	0.368474	0.215926	0.023065	0.010009	0.011256	0.020224	0.024165	0.010076	0.012750	0.026647	0.062662	0.024016	0.059595	0.054096	2277506.0	2277506.0
126	0.164703	0.066329	0.452076	0.316893	0.345237	0.076790	0.463543	0.262849	0.053848	0.052276	0.018827	0.039752	0.020854	0.008800	0.013888	0.022786	0.374576	0.037809	0.016292	0.023398	0.035674	0.015300	0.049956	0.215963	2277506.0	2277506.0
127	0.484952	0.114185	0.098964	0.301900	0.499677	0.078006	0.126233	0.139802	0.043397	0.029580	0.024178	0.387797	0.025794	0.029596	0.009366	0.049429	0.028184	0.008571	0.030474	0.031735	0.032945	0.025239	0.208177	0.035538	2277506.0	2277506.0
128	0.130321	0.092985	0.272195	0.504499	0.201947	0.223011	0.300027	0.099569	0.040269	0.027617	0.020729	0.041706	0.057879	0.009866	0.007471	0.017769	0.045163	0.011808	0.193866	0.021358	0.067036	0.018999	0.365528	0.052936	2277506.0	2277506.0
129	0.210348	0.068289	0.587595	0.133769	0.253292	0.044594	0.299936	0.096190	0.065991	0.020867	0.024286	0.099204	0.025561	0.010811	0.011768	0.020149	0.198896	0.011252	0.010763	0.366684	0.040521	0.017654	0.028017	0.047576	2277506.0	2277506.0
130	0.330969	0.060584	0.074834	0.533613	0.698488	0.039030	0.123154	0.166951	0.039144	0.022937	0.045202	0.223685	0.021256	0.012059	0.007333	0.019936	0.028396	0.009227	0.010411	0.026800	0.377336	0.076634	0.021320	0.058322	2277506.0	2277506.0
131	0.466133	0.120857	0.084266	0.328744	0.705976	0.071448	0.459711	0.357150	0.386290	0.030050	0.021437	0.028356	0.025536	0.042415	0.006981	0.045926	0.039717	0.009785	0.012267	0.022497	0.039866	0.017345	0.020068	0.251465	2277506.0	2277506.0
132	0.491408	0.099594	0.060754	0.348244	0.363680	0.043158	0.445954	0.298590	0.045444	0.045031	0.369920	0.031013	0.050310	0.013212	0.007043	0.029029	0.016808	0.009120	0.013783	0.021044	0.051829	0.020955	0.040066	0.235394	2277506.0	2277506.0
133	0.164390	0.088317	0.430812	0.316480	0.362618	0.078408	0.470368	0.286203	0.065545	0.048750	0.021617	0.028479	0.027328	0.020722	0.008883	0.031384	0.362450	0.028046	0.020756	0.019560	0.050325	0.015827	0.032059	0.218270	2277506.0	2277506.0
134	0.505648	0.113345	0.083315	0.297692	0.678014	0.083223	0.120001	0.124237	0.040105	0.047545	0.040838	0.377160	0.026269	0.031996	0.015600	0.039480	0.026965	0.023534	0.012093	0.020723	0.223760	0.015772	0.021171	0.036989	2277506.0	2277506.0
135	0.317098	0.118846	0.089703	0.474353	0.187790	0.099641	0.301842	0.499300	0.053288	0.024065	0.199491	0.040254	0.022496	0.039683	0.008534	0.048133	0.013881	0.016241	0.035182	0.024399	0.040606	0.357842	0.022263	0.053642	2277506.0	2277506.0
136	0.130271	0.437832	0.265469	0.166428	0.204066	0.242507	0.274882	0.119172	0.047217	0.018029	0.017162	0.047863	0.401425	0.008244	0.010225	0.017938	0.015354	0.028888	0.195150	0.026078	0.052858	0.036861	0.020580	0.056128	2277506.0	2277506.0
137	0.516853	0.092023	0.243117	0.148007	0.570773	0.242012	0.144392	0.102060	0.089797	0.018679	0.023567	0.384810	0.034600	0.009016	0.029134	0.019273	0.020716	0.193550	0.010312	0.018539	0.038685	0.016291	0.035551	0.057480	2277506.0	2277506.0
138	0.183798	0.237537	0.098563	0.480102	0.221174	0.035352	0.125134	0.111131	0.055879	0.020169	0.037759	0.069991	0.200683	0.007993	0.006727	0.022133	0.021781	0.010917	0.009715	0.056150	0.033516	0.019216	0.365582	0.061788	2277506.0	2277506.0
139	0.311859	0.058295	0.419783	0.210063	0.168145	0.040676	0.288839	0.121590	0.046742	0.020221	0.213296	0.031600	0.023591	0.009141	0.007570	0.017993	0.014895	0.010060	0.013906	0.380923	0.041259	0.045912	0.074348	0.048544	2277506.0	2277506.0
140	0.126487	0.085333	0.309119	0.479060	0.515997	0.052730	0.121464	0.144123	0.045074	0.016277	0.023824	0.041313	0.018253	0.011688	0.007302	0.048090	0.029344	0.010518	0.023222	0.246034	0.372421	0.027155	0.022295	0.057189	2277506.0	2277506.0
141	0.465093	0.065638	0.076643	0.392626	0.350500	0.045208	0.458867	0.283223	0.031811	0.020352	0.379673	0.033256	0.020942	0.012162	0.010733	0.021801	0.035213	0.010144	0.012170	0.019117	0.054779	0.018605	0.088588	0.230654	2277506.0	2277506.0
142	0.142744	0.061263	0.491164	0.304829	0.176011	0.054067	0.137513	0.098934	0.047448	0.027892	0.017475	0.049929	0.020915	0.009778	0.011616	0.018955	0.059829	0.019912	0.012762	0.398662	0.029256	0.020824	0.205371	0.049377	2277506.0	2277506.0
143	0.157448	0.078406	0.247223	0.516923	0.517262	0.048594	0.085796	0.484826	0.039066	0.055192	0.019709	0.043480	0.025608	0.012483	0.013195	0.027120	0.014810	0.010706	0.012210	0.209497	0.030155	0.040663	0.041544	0.404561	2277506.0	2277506.0
144	0.109639	0.119044	0.086659	0.684658	0.515880	0.044614	0.090859	0.116104	0.034721	0.018725	0.024598	0.031595	0.071691	0.013884	0.008023	0.025446	0.021066	0.012233	0.010474	0.042886	0.395850	0.023060	0.212034	0.053714	2277506.0	2277506.0
145	0.523328	0.067903	0.255128	0.153641	0.549924	0.046867	0.136729	0.107367	0.048586	0.024598	0.052396	0.397747	0.023775	0.018424	0.007849	0.017855	0.026268	0.011115	0.009479	0.208266	0.057483	0.024980	0.025070	0.046107	2277506.0	2277506.0
146	0.156112	0.079117	0.094794	0.669977	0.705401	0.044953	0.121784	0.101527	0.058492	0.028525	0.029962	0.039133	0.031134	0.011485	0.008243	0.028255	0.021197	0.013091	0.012133	0.048373	0.562072	0.016084	0.046118	0.045703	2277506.0	2277506.0
147	0.672895	0.069185	0.096456	0.161464	0.381733	0.042312	0.631028	0.148088	0.228161	0.040056	0.369305	0.035374	0.021964	0.008628	0.009693	0.028900	0.020205	0.010632	0.013358	0.052261	0.032642	0.025004	0.018262	0.085556	2277506.0	2277506.0
148	0.302971	0.084319	0.410618	0.202091	0.168261	0.406876	0.106603	0.160665	0.048532	0.204723	0.019302	0.030414	0.021442	0.009142	0.024439	0.029297	0.018617	0.353144	0.020151	0.018706	0.029588	0.062501	0.050276	0.059726	2277506.0	2277506.0
149	0.118180	0.629509	0.114168	0.138143	0.157645	0.233446	0.134963	0.126008	0.034917	0.017063	0.030235	0.035965	0.369395	0.014028	0.195880	0.050205	0.055639	0.009365	0.014172	0.034992	0.044053	0.019064	0.032315	0.042711	2277506.0	2277506.0
150	0.504004	0.059521	0.272603	0.163872	0.549427	0.041448	0.304772	0.130026	0.052864	0.014975	0.027833	0.408334	0.022753	0.010819	0.006868	0.019080	0.213587	0.013272	0.010489	0.035255	0.042309	0.054206	0.021436	0.045921	2277506.0	2277506.0
151	0.331514	0.093271	0.066626	0.508589	0.717450	0.080712	0.288660	0.131426	0.241651	0.025397	0.020646	0.043820	0.021706	0.042397	0.009396	0.019772	0.015535	0.018090	0.010829	0.022172	0.382211	0.019489	0.057120	0.049768	2277506.0	2277506.0
152	0.661103	0.105373	0.097991	0.135533	0.714657	0.065380	0.626921	0.145923	0.574912	0.019341	0.017106	0.049744	0.025949	0.008448	0.010950	0.060026	0.021014	0.032093	0.013889	0.030995	0.033268	0.020717	0.024816	0.056732	2277506.0	2277506.0
153	0.655143	0.080599	0.066761	0.197497	0.746432	0.043941	0.427460	0.181550	0.380236	0.023322	0.015724	0.235862	0.018092	0.014806	0.007820	0.039881	0.019621	0.009436	0.011879	0.025824	0.036677	0.033206	0.033957	0.093657	2277506.0	2277506.0
154	0.454626	0.080770	0.069380	0.395224	0.523492	0.041368	0.086905	0.319424	0.035476	0.015271	0.021952	0.381927	0.020021	0.009855	0.011704	0.039191	0.018173	0.008505	0.011304	0.031398	0.042922	0.207212	0.081923	0.063166	2277506.0	2277506.0
155	0.116592	0.240843	0.126883	0.515682	0.529556	0.068290	0.101443	0.660872	0.043715	0.019546	0.017953	0.035378	0.020955	0.010670	0.007380	0.201837	0.023156	0.033621	0.016619	0.053487	0.039964	0.037865	0.027354	0.410499	2277506.0	2277506.0
156	0.127791	0.101703	0.069305	0.701202	0.683400	0.045502	0.094542	0.677877	0.044161	0.020212	0.026267	0.037151	0.027022	0.009498	0.009851	0.055332	0.014518	0.016558	0.009596	0.028633	0.029480	0.040439	0.058675	0.572608	2277506.0	2277506.0
157	0.115182	0.086706	0.104388	0.693724	0.515442	0.047631	0.089411	0.625513	0.038914	0.019598	0.018384	0.038285	0.042103	0.010391	0.013292	0.020920	0.018412	0.010247	0.013701	0.062028	0.045069	0.201028	0.054453	0.393173	2277506.0	2277506.0
158	0.144498	0.241264	0.099830	0.514407	0.226208	0.065006	0.109044	0.452459	0.058917	0.022437	0.018746	0.044399	0.199766	0.011227	0.007452	0.022820	0.016528	0.031473	0.014854	0.036975	0.069985	0.365505	0.026010	0.052908	2277506.0	2277506.0
159	0.345195	0.430642	0.067062	0.157101	0.406608	0.053759	0.129204	0.475125	0.072543	0.027491	0.022365	0.222796	0.018982	0.016563	0.010468	0.384629	0.019250	0.011680	0.015047	0.021085	0.058139	0.020803	0.025030	0.053130	2277506.0	2277506.0
160	0.168913	0.076538	0.072910	0.681640	0.416163	0.048522	0.132232	0.122956	0.072597	0.020499	0.024210	0.051607	0.033018	0.011893	0.006588	0.025039	0.024821	0.019437	0.010604	0.018047	0.222865	0.016930	0.372751	0.069094	2277506.0	2277506.0
161	0.353301	0.068759	0.414152	0.163787	0.386392	0.047126	0.489890	0.103520	0.089344	0.023734	0.016790	0.223433	0.022756	0.015995	0.005800	0.024208	0.370902	0.012478	0.012854	0.017919	0.032127	0.021829	0.068343	0.041488	2277507.0	2277507.0
162	0.515129	0.074036	0.103787	0.307048	0.535414	0.088361	0.106883	0.104246	0.035043	0.024998	0.036927	0.418162	0.019870	0.014120	0.008916	0.031131	0.017128	0.047541	0.017785	0.021333	0.039700	0.016486	0.208353	0.042510	2277507.0	2277507.0
163	0.111740	0.103144	0.271980	0.513136	0.535478	0.222626	0.100015	0.158507	0.036265	0.016333	0.021203	0.037939	0.033969	0.010162	0.008937	0.050077	0.033168	0.194149	0.009380	0.035284	0.383429	0.020423	0.031438	0.077845	2277507.0	2277507.0
164	0.486831	0.241067	0.070957	0.201145	0.195760	0.040927	0.116410	0.104807	0.048211	0.369344	0.034120	0.035156	0.203352	0.011499	0.007721	0.018495	0.023834	0.011462	0.010245	0.025417	0.060038	0.022459	0.066293	0.052355	2277507.0	2277507.0
165	0.335434	0.414763	0.118380	0.131423	0.173012	0.051830	0.299998	0.101489	0.052161	0.041226	0.201788	0.040259	0.368263	0.021306	0.006841	0.018353	0.032449	0.010084	0.013600	0.062247	0.039493	0.020731	0.030100	0.041099	2277507.0	2277507.0
166	0.492366	0.093346	0.252329	0.161959	0.575666	0.047451	0.295487	0.100773	0.046149	0.019399	0.023779	0.403039	0.052171	0.010028	0.007196	0.023951	0.204997	0.009664	0.020563	0.017105	0.076104	0.016420	0.019061	0.050374	2277507.0	2277507.0
167	0.379421	0.055512	0.070598	0.494469	0.407688	0.040540	0.148835	0.100263	0.053318	0.021326	0.057373	0.247404	0.018218	0.009994	0.008574	0.018726	0.027859	0.011687	0.010285	0.020768	0.061235	0.025813	0.361690	0.045730	2277507.0	2277507.0
168	0.160630	0.068820	0.437922	0.332628	0.368309	0.381860	0.446653	0.095017	0.042685	0.027956	0.031456	0.058532	0.036335	0.008549	0.008230	0.015706	0.017065	0.009635	0.355447	0.055775	0.217869	0.021539	0.043997	0.049222	2277507.0	2277507.0
169	0.313955	0.067680	0.439129	0.179236	0.407387	0.039432	0.137191	0.156175	0.052197	0.016614	0.032815	0.212328	0.028981	0.009465	0.006624	0.022610	0.039525	0.010689	0.012654	0.376262	0.033210	0.014449	0.021927	0.109651	2277507.0	2277507.0
170	0.153913	0.051217	0.074020	0.720851	0.432857	0.047862	0.101439	0.327759	0.039226	0.022402	0.034104	0.058181	0.017901	0.008483	0.007234	0.017599	0.015765	0.019802	0.012343	0.026109	0.050316	0.016544	0.368858	0.285134	2277507.0	2277507.0
171	0.123208	0.067230	0.422539	0.387023	0.388766	0.052618	0.110797	0.316379	0.046702	0.019324	0.022338	0.034844	0.018986	0.018624	0.007352	0.022268	0.026866	0.011751	0.014891	0.369031	0.047621	0.015888	0.063915	0.259599	2277507.0	2277507.0
172	0.140175	0.065588	0.108495	0.685742	0.546756	0.070355	0.100593	0.112664	0.037334	0.026654	0.029046	0.047141	0.017967	0.011265	0.007428	0.028927	0.021880	0.039328	0.012334	0.034953	0.412054	0.022244	0.201217	0.050227	2277507.0	2277507.0
173	0.489235	0.099492	0.250025	0.161248	0.526710	0.055792	0.446706	0.145647	0.390694	0.048568	0.018362	0.031610	0.021918	0.019003	0.012107	0.046464	0.024981	0.012014	0.012669	0.200362	0.042548	0.018323	0.038520	0.061857	2277507.0	2277507.0
174	0.480142	0.097907	0.081658	0.340293	0.376011	0.078840	0.117383	0.305501	0.054717	0.366769	0.023848	0.034808	0.027973	0.042924	0.006341	0.020669	0.019563	0.010320	0.019255	0.032519	0.059314	0.014736	0.039071	0.227172	2277507.0	2277507.0
175	0.161567	0.434749	0.088515	0.315168	0.185732	0.064840	0.101889	0.478325	0.041502	0.022222	0.029534	0.068308	0.022495	0.040480	0.005861	0.365914	0.021151	0.008799	0.009701	0.048865	0.036700	0.032710	0.206537	0.039222	2277507.0	2277507.0
176	0.121848	0.104210	0.251633	0.522309	0.174727	0.038797	0.084063	0.145486	0.036854	0.023372	0.020984	0.040638	0.047076	0.011018	0.005623	0.040493	0.015294	0.011225	0.010931	0.214183	0.040131	0.036871	0.388203	0.057104	2277507.0	2277507.0
177	0.139356	0.082486	0.425740	0.352418	0.221046	0.043511	0.430299	0.153606	0.042034	0.017021	0.015446	0.064856	0.023313	0.008608	0.006746	0.043820	0.360213	0.015551	0.012607	0.037369	0.040129	0.027150	0.211111	0.074028	2277507.0	2277507.0
178	0.465689	0.068330	0.245909	0.220073	0.588890	0.039329	0.093017	0.176064	0.044887	0.021776	0.018691	0.380334	0.018374	0.014018	0.007034	0.028903	0.020920	0.009758	0.008519	0.206712	0.063029	0.032503	0.023901	0.100639	2277507.0	2277507.0
179	0.147211	0.078056	0.058145	0.716589	0.739403	0.047291	0.090029	0.331078	0.041856	0.041685	0.022952	0.040717	0.028500	0.010721	0.013233	0.025602	0.016196	0.014313	0.009025	0.018611	0.384495	0.022420	0.037338	0.272335	2277507.0	2277507.0
180	0.471048	0.089139	0.082548	0.357265	0.543241	0.063729	0.450140	0.125686	0.387911	0.024272	0.028049	0.030816	0.032011	0.033015	0.006508	0.017604	0.021194	0.011219	0.012986	0.037149	0.072751	0.023303	0.209447	0.051763	2277507.0	2277507.0
181	0.513867	0.091810	0.256991	0.137332	0.220562	0.052865	0.504802	0.138541	0.093473	0.020095	0.369562	0.030737	0.023754	0.013465	0.010506	0.044085	0.023466	0.010595	0.018299	0.204629	0.032164	0.016803	0.024177	0.064188	2277507.0	2277507.0
182	0.172858	0.060958	0.422544	0.343639	0.380055	0.049159	0.119919	0.293431	0.055725	0.052698	0.030766	0.033668	0.018926	0.008392	0.011636	0.022004	0.015336	0.011039	0.018092	0.378077	0.044885	0.017259	0.035719	0.245776	2277507.0	2277507.0
183	0.134872	0.089389	0.096214	0.679526	0.356080	0.058536	0.115532	0.122912	0.036223	0.016991	0.033642	0.048015	0.017909	0.009328	0.014390	0.047762	0.022264	0.011416	0.023402	0.039131	0.222286	0.016266	0.391418	0.049556	2277507.0	2277507.0
184	0.298682	0.054001	0.462853	0.184464	0.226483	0.050911	0.642787	0.155827	0.047019	0.015834	0.201460	0.034370	0.019391	0.010036	0.007121	0.017453	0.377892	0.017338	0.016416	0.051206	0.036992	0.020236	0.019134	0.108103	2277507.0	2277507.0
185	0.481294	0.063444	0.244131	0.211132	0.584001	0.047032	0.293553	0.159355	0.059583	0.016126	0.020041	0.385543	0.017779	0.014774	0.007843	0.023048	0.198250	0.008735	0.015679	0.021467	0.058882	0.041541	0.030716	0.079993	2277507.0	2277507.0
186	0.334493	0.081176	0.074280	0.510051	0.756818	0.043026	0.289028	0.150120	0.218937	0.018702	0.027948	0.068907	0.020978	0.010339	0.007706	0.042153	0.027547	0.010384	0.014597	0.021753	0.387964	0.016617	0.024459	0.081011	2277507.0	2277507.0
187	0.655425	0.056042	0.074709	0.213823	0.778410	0.045338	0.436145	0.142568	0.381336	0.022403	0.019327	0.232359	0.018248	0.010096	0.008200	0.019499	0.025425	0.016986	0.010057	0.022242	0.075163	0.023422	0.025686	0.089552	2277507.0	2277507.0
188	0.500171	0.072906	0.063270	0.363652	0.384043	0.054424	0.117216	0.318691	0.038607	0.364243	0.048969	0.048353	0.022307	0.022702	0.007618	0.020280	0.018094	0.012558	0.011546	0.021072	0.048020	0.026646	0.039923	0.249064	2277507.0	2277507.0
189	0.127028	0.426148	0.108056	0.338768	0.392869	0.066846	0.104259	0.141329	0.036511	0.016578	0.022165	0.051773	0.376031	0.009547	0.006630	0.033941	0.036039	0.041126	0.009544	0.021347	0.223634	0.016890	0.017293	0.080950	2277507.0	2277507.0
190	0.672215	0.084142	0.055631	0.188012	0.742153	0.041211	0.097005	0.132690	0.039125	0.026209	0.031098	0.575784	0.049715	0.010869	0.008360	0.015198	0.017196	0.012396	0.009586	0.016454	0.058407	0.037786	0.022981	0.068837	2277507.0	2277507.0
191	0.164443	0.087259	0.072025	0.676272	0.541670	0.046356	0.089929	0.637494	0.032330	0.038490	0.027214	0.066409	0.043280	0.013767	0.007376	0.022835	0.018096	0.012922	0.012290	0.028717	0.044187	0.202147	0.031194	0.398743	2277507.0	2277507.0
192	0.137894	0.267327	0.078074	0.516705	0.554061	0.064711	0.108097	0.472166	0.036446	0.022868	0.034955	0.043624	0.204778	0.010725	0.027652	0.024172	0.027173	0.016811	0.009522	0.024567	0.052642	0.015920	0.026794	0.421348	2277507.0	2277507.0
193	0.321040	0.066325	0.098924	0.513712	0.206761	0.048284	0.285023	0.446803	0.034237	0.019773	0.219994	0.047037	0.023640	0.020291	0.005999	0.016396	0.017772	0.008973	0.013021	0.059158	0.083470	0.368099	0.020125	0.042018	2277507.0	2277507.0
194	0.159118	0.417135	0.259139	0.164608	0.199509	0.391730	0.099827	0.458749	0.037762	0.021926	0.025159	0.074271	0.032140	0.356376	0.010604	0.018015	0.022278	0.010122	0.014628	0.212111	0.035296	0.032178	0.044955	0.052180	2277507.0	2277507.0
195	0.127476	0.420601	0.095346	0.356577	0.217660	0.070254	0.111627	0.687840	0.037233	0.021407	0.019956	0.048880	0.021008	0.011565	0.007344	0.380684	0.021722	0.018629	0.032716	0.022279	0.039468	0.203512	0.021518	0.092079	2277507.0	2277507.0
196	0.119431	0.255113	0.081535	0.543922	0.531874	0.042585	0.084775	0.678650	0.040488	0.018503	0.019515	0.040925	0.027036	0.012641	0.007476	0.207960	0.014701	0.012397	0.010072	0.044365	0.035877	0.043465	0.049996	0.414584	2277507.0	2277507.0
197	0.118102	0.087005	0.087058	0.707835	0.719181	0.058568	0.087262	0.321867	0.045896	0.026092	0.015313	0.030801	0.023606	0.027891	0.007310	0.028198	0.015023	0.012336	0.011030	0.048669	0.399976	0.023269	0.042081	0.242509	2277507.0	2277507.0
198	0.484500	0.089588	0.075735	0.350177	0.400983	0.064077	0.447981	0.277640	0.055580	0.031409	0.363874	0.033637	0.033364	0.012075	0.012814	0.031335	0.018846	0.029507	0.009681	0.017701	0.092388	0.014853	0.023558	0.219377	2277507.0	2277507.0
199	0.200178	0.087845	0.409927	0.302050	0.368020	0.385502	0.472284	0.113384	0.051405	0.055179	0.039754	0.053841	0.020345	0.011792	0.010749	0.044959	0.027646	0.009481	0.353479	0.019321	0.222074	0.015932	0.023344	0.040700	2277507.0	2277507.0
